v 2.558024 1.251879 0.922346
v 1.370934 1.776774 0.985264
v 1.719537 0.919179 1.581681
v 2.117845 1.586534 1.064057
v 1.505573 1.595863 1.237217
v 2.221261 -1.562527 0.816828
v 1.396137 -1.456712 1.191049
v 1.300480 -1.963929 0.518663
v 1.817723 -1.526905 1.081478
v 1.885468 -1.908108 0.524939
v 2.346139 1.255897 -1.290605
v 1.506365 1.209857 -1.753911
v 2.051099 1.212565 -1.603952
v 1.739641 1.470061 -1.403212
v 1.371318 1.510674 -1.548063
v 0.512525 -2.185291 -1.128784
v 1.080386 -2.115157 -1.359077
v -2.828396 1.009009 1.346722
v -1.818285 1.233981 1.452794
v -2.099353 1.807731 1.229600
v -2.498619 1.052074 1.510316
v -2.576415 1.587501 1.482513
v -1.978130 1.742984 1.450497
v -2.818557 1.635568 1.301152
v -1.216036 -1.894315 0.983523
v -1.506621 -1.100821 1.276018
v -1.698182 -1.611035 1.297813
v -2.369161 1.247357 -1.433409
v -2.282124 1.765991 -0.970930
v -3.000673 1.078662 -1.044726
v -2.833920 1.486979 -0.996279
v -2.263842 1.664844 -1.330916
v -1.672006 -1.743472 -0.599697
v -2.681425 -2.336619 -0.308538
v -2.906436 -2.336672 -0.578064
v -2.338689 -1.444114 -0.746838
v -1.740715 -1.520532 -0.825267
v 0.362673 1.240962 -1.839471
v -1.014820 1.268765 -1.779020
v -0.978370 1.799021 -1.342242
v 0.365096 1.605373 -1.726587
v 0.098110 1.158215 -1.852126
v -0.913261 1.652492 -1.714757
v -1.173748 -1.385289 -1.520023
v 0.515820 -1.839929 -1.607616
v -1.196296 -1.673379 -1.234488
v 0.440318 -2.013614 -1.400607
v -1.077631 -1.816988 -0.974541
v -0.947635 1.291525 1.456877
v 0.459401 1.613789 1.342194
v -1.009507 1.895666 1.008276
v -0.217558 1.648875 1.311855
v -0.276418 1.835366 0.984542
v -1.016866 1.810584 1.338523
v -0.781202 -1.754019 0.929946
v 0.107514 -1.661933 0.726912
v -0.781750 -1.054099 1.278294
v -0.822849 -1.467440 1.137693
v -1.314982 -1.645690 1.294717
v 0.112090 -1.407462 1.020645
v 2.847728 -0.174560 0.955491
v 2.285950 1.094004 1.269947
v 2.999978 0.583604 -1.657950
v 2.825948 -0.477461 -1.696095
v 1.726251 0.641103 -2.012327
v 3.014387 0.151905 -1.719250
v 2.626253 0.112627 -2.003137
v 2.315078 -0.595558 -2.020251
v 1.959794 0.245712 -2.143762
v -2.504774 0.587915 -1.444933
v -2.202405 -0.404915 -1.265921
v -3.246816 -0.955903 -0.917598
v -3.167536 0.489011 -1.153427
v -2.932488 -0.690665 -1.198324
v -3.433451 -0.742069 -0.521298
v -3.337505 -0.284778 -0.577189
v -2.589295 -0.098920 1.279815
v -1.677139 0.267087 1.545297
v -2.103334 -0.544100 1.210081
v -1.890065 -0.929539 1.215233
v -1.529660 -0.306296 1.566204
v -0.935567 0.502094 1.675553
v -1.141814 -0.538906 1.603110
v 0.361141 -0.199753 1.884975
v -0.547682 0.180929 1.885988
v -0.572280 -0.055511 1.894339
v -0.515056 -0.412808 1.787840
v -1.129328 0.546629 -1.647898
v 0.376250 0.534944 -1.872591
v 0.124641 -0.547964 -1.947511
v -1.161019 -0.426708 -1.657147
v -1.175854 0.007202 -1.556884
v -3.289096 -2.451392 -0.685051
v -0.880466 -2.618001 1.078996
v -3.291819 -1.349974 1.706549
v -3.138716 -0.748143 1.561924
v 1.742966 1.697375 -0.182829
v 2.804347 1.306466 -0.445868
v 0.901753 -2.326298 -0.665551
v 1.578925 -2.220429 -0.909965
v -3.073330 1.493024 -0.242410
v -3.026058 1.487887 0.015863
v -1.111974 -1.834372 -0.469192
v -0.005576 -2.206718 -0.560130
v -1.098965 -1.910749 -0.001921
v -0.656184 -2.033836 -0.587471
v 0.321600 1.735929 -1.364757
v 0.712990 1.781995 -0.095362
v -0.138469 1.731153 -1.369889
v -2.874072 0.057249 0.463901
v -3.204459 -0.141722 0.040486
v 3.233377 0.794997 -1.072527
v 3.365923 0.164539 -1.167636
v 3.337772 0.782748 -0.624073
v 3.358416 -0.383261 -0.555169
v -3.014567 -2.154958 -0.747810
v -3.854825 -1.556765 0.409425
v -3.404496 -0.588173 0.602069
v 2.776767 1.258399 0.497128
v 2.904872 1.273330 -0.144355
v 2.412702 1.643954 0.512196
v 2.469897 1.593219 -0.054840
v 2.249253 -1.947623 -0.527932
v 1.090548 -2.297994 -0.283058
v 1.684598 -2.222624 -0.477010
v -2.334184 1.759575 -0.093671
v -2.971587 1.625251 0.864383
v -2.726456 1.669406 0.191174
v -1.068135 -1.984954 0.323349
v -1.129691 -1.963581 0.766082
v -2.087628 -2.332974 0.250437
v 0.110557 -2.147514 -0.084228
v 0.112451 -1.885779 0.431862
v -0.750938 -1.832081 0.715991
v -0.775161 -1.942414 -0.045270
v -0.940314 1.809153 -0.171128
v 1.699332 1.789664 0.533982
v -2.820601 0.669813 1.034261
v -3.191204 -0.441253 0.414056
v -2.538415 -0.374627 1.138040
v 3.320365 0.769790 -0.339458
v 3.158953 0.557216 0.384684
v 3.141216 -0.277589 0.462967
v 3.485558 0.129301 -0.563237
v -2.324503 -2.558723 0.360387
v -3.684082 -1.380411 1.377070
v -3.124452 -0.592326 1.117084
v 1.791250 -1.476236 -1.799062
v -1.992585 -0.812933 -1.190667
v -1.558183 -0.977704 1.413678
v -1.843191 -1.442876 1.708209
v 0.306980 -0.568682 1.800801
v -1.151450 -0.935739 -1.706467
v 2.754459 -1.358772 -1.083485
v 2.928232 -1.339880 -0.642073
v 2.994213 -1.259829 -0.301549
v 1.338104 -1.037848 1.488349
v 1.875891 -1.869298 -1.393553
v -2.487261 -1.286571 -0.918908
v -1.875498 -1.018584 -1.069387
v -1.712843 -1.385053 1.389136
v -1.288125 -0.973297 1.389437
v -0.177719 -1.416932 -1.744008
v -3.292660 -2.276734 -0.221934
v -3.534360 -2.242613 0.450304
v 2.694615 -1.661934 -0.479961
v 2.344148 -1.709875 0.328571
v 2.014359 -1.194357 1.224778
v 0.935240 -1.495483 -1.855592
v 0.250655 -0.901332 1.556359
v 2.416523 -1.722866 -1.041289
v 2.811420 0.597862 0.924901
v 2.362217 0.241962 1.339394
v 1.566217 -0.006050 1.704338
v 2.624934 0.518942 -1.932900
v -3.336713 0.230649 -0.596546
v -3.181858 -0.051179 -1.170213
v -2.657127 0.155084 -1.340693
v -1.977294 -0.041332 1.485939
v 0.564788 0.555940 1.747043
v -0.518240 0.033673 -1.661485
v 0.493620 0.092661 -1.937586
v 3.363355 0.506384 -1.164555
v 3.488922 0.469530 -0.588055
v -1.701203 -2.309586 1.349860
v 2.251313 -0.557007 1.397857
v 2.685402 -0.725957 0.951721
v 1.676595 -0.513588 -2.168451
v -3.134528 -1.195732 -0.946749
v -3.808290 -1.787741 0.403068
v 3.162843 -0.456613 -1.181544
v 1.343766 -0.671005 1.629645
v 2.357563 -1.415610 -1.559062
v -2.749452 -0.989194 -1.156427
v -2.098116 -0.621187 -1.215005
v -1.821863 -1.071814 1.208764
v -1.814560 -1.239005 1.653553
v -0.878386 -0.840502 1.422275
v 0.215714 -1.071005 -1.922969
v -2.570385 -1.510347 1.793074
v -3.486552 -1.674704 1.068354
v 2.906227 -0.953073 0.465314
v -2.991051 -2.491486 -0.752488
v -2.017204 -2.437582 0.727468
v -1.502343 -1.751203 1.156953
v -3.246640 -2.837276 -1.132016
v -1.204299 -2.531797 0.801045
v -3.498038 -1.405043 -0.307350
v -2.284777 -1.192846 1.837747
v -2.431333 -0.877715 1.664815
v -2.791790 -0.683009 1.388243
v -2.702348 -1.260650 1.804419
v -2.728380 -2.646797 0.401714
v -3.146632 -2.057453 -0.715927
v -3.824391 -1.153211 0.281206
v -3.856218 -1.441944 0.794820
v -1.892103 -1.049265 1.565177
v -1.087016 -2.332615 0.845088
v -3.448388 -0.602554 -0.007984
v -3.074275 -2.326079 -0.862986
v -3.747256 -1.156414 0.098988
v -3.527776 -1.025109 -0.184273
v -3.533739 -0.784159 0.197318
v -2.979529 -2.561440 -0.180113
v -3.444369 -2.244472 0.812762
v -2.876805 -2.413858 1.067114
v -3.425872 -0.821472 1.447954
v -3.641250 -0.908337 1.246677
v -3.370128 -0.555040 0.883220
v -3.084482 -2.405986 0.866281
v -1.547237 -2.236795 0.481395
v -3.766569 -1.051536 0.782935
v -3.513853 -1.996604 -0.021297
v -2.478728 -1.710271 1.630275
v -3.100645 -1.661090 1.454701
v -3.365427 -1.889789 1.409080
v -3.336572 -2.093898 1.127201
v -3.170152 -2.267380 1.269017
v -2.797346 -2.066727 1.481767
v -2.986814 -1.702195 -0.792846
v -2.513011 -2.258599 1.414680
v -1.185280 -2.433804 1.117929
v -1.824603 -1.759811 1.473055
v -2.142996 -2.237743 1.467811
v -2.524937 -2.014707 1.518424
v -2.192135 -1.976316 1.451717
v -3.813430 -1.608401 0.649258
v -1.921103 -1.182911 1.728753
v -3.291631 -1.391331 -0.685699
v -2.207107 -1.381339 1.848656
v -3.471417 -1.613782 -0.342034
v -1.742602 -1.176591 1.366098
v -2.596653 -0.645048 1.213160
v -2.306567 -2.487049 0.859527
v -3.554775 -1.448110 1.647563
v -3.423938 -1.731908 1.219053
v -1.262212 -2.071487 0.758674
v -1.385502 -2.044312 1.149866
v -3.154055 -2.633572 -0.140198
v -3.275797 -2.487562 0.119105
v -3.008901 -2.651824 0.199251
v -2.734307 -2.643311 0.239376
v -2.587708 -2.592323 0.164810
v -2.615728 -2.108078 -0.578054
v -3.004077 -2.593678 -0.608383
v -1.689418 -1.893985 1.342789
v -1.937106 -1.971306 1.425867
v -1.535673 -2.456406 0.680572
v -1.555136 -2.211649 1.360208
v -3.194614 -2.317965 -0.758194
v -3.709342 -1.915547 0.571289
v -3.269699 -1.695698 -0.638695
v -1.904013 -1.551327 1.719030
v -3.285076 -1.720722 1.476931
v -3.406951 -1.974361 -0.275933
v -3.735362 -2.003716 0.449231
v -2.101853 -2.434598 0.389572
v -3.777504 -1.384997 0.142308
v -3.459734 -1.129679 -0.384336
v -2.173438 -0.898825 1.546811
v -3.155650 -0.713135 1.377609
v -2.930074 -1.444927 1.677680
v -3.008097 -2.522239 0.475628
v -2.751296 -0.914928 1.738885
v -2.788152 -1.950223 -0.689944
v -3.354022 -2.369190 0.296279
v -3.203044 1.066849 -0.622292
v -3.192634 0.641459 -0.118856
v -3.207028 0.314859 0.128986
v -2.892049 0.625580 0.450864
v -3.091830 0.966951 0.355047
v -2.973511 0.734890 0.162551
v -2.874085 1.059662 0.459338
v -2.836463 0.995044 0.396518
v -2.969840 1.541133 -0.677697
v -2.855603 1.389453 0.353139
v -3.018509 1.062395 0.440288
v -3.216961 0.919528 0.030820
f 180 3 50
f 100 158 171
f 14 107 97
f 146 216 247
f 45 163 169
f 4 62 1
f 6 9 10
f 13 14 11
f 45 17 47
f 257 130 25
f 26 27 205
f 176 289 287
f 264 35 285
f 160 37 36
f 39 43 42
f 109 43 40
f 45 47 44
f 48 47 16
f 49 52 54
f 57 60 198
f 55 58 59
f 61 173 186
f 172 173 61
f 176 177 76
f 87 86 83
f 84 86 87
f 212 284 96
f 10 167 6
f 133 8 56
f 20 51 136
f 51 53 136
f 107 109 108
f 99 124 132 104
f 9 6 168
f 291 102 101
f 7 198 60
f 5 50 3
f 105 135 129
f 39 42 88
f 150 80 196
f 252 217 197
f 87 83 198
f 90 199 153
f 83 81 150
f 183 63 112
f 212 95 282
f 138 77 18
f 224 263 261
f 278 215 221
f 132 135 104
f 98 114 112
f 110 290 289
f 108 97 107
f 129 131 105
f 138 290 110
f 134 129 135
f 53 108 109
f 138 110 77
f 143 115 144
f 254 213 145
f 147 229 228
f 130 129 134
f 136 126 20
f 6 202 187
f 44 153 163
f 240 194 159
f 192 168 186
f 239 235 274
f 169 199 188
f 153 149 195
f 154 193 191
f 148 158 17
f 159 160 36
f 163 45 44
f 225 165 286
f 238 230 226
f 157 168 192
f 150 162 198
f 77 110 140
f 178 181 92
f 174 180 84
f 175 69 65
f 184 114 141
f 94 218 242
f 231 130 257
f 244 185 269
f 150 198 83
f 186 187 61
f 115 156 155
f 194 195 149
f 68 193 148
f 151 197 248
f 25 258 257
f 93 260 164
f 270 220 206
f 214 116 220
f 130 231 129
f 266 267 269
f 267 244 269
f 204 185 244
f 204 268 185
f 267 246 244
f 205 258 25
f 224 265 203
f 35 224 203
f 270 214 220
f 93 270 206
f 164 214 270
f 116 203 220
f 116 214 240
f 285 116 240
f 224 261 259
f 259 261 260
f 260 93 259
f 231 257 268
f 258 218 257
f 251 272 275
f 256 201 237
f 236 256 237
f 274 95 255
f 190 117 278
f 249 208 72
f 239 241 245
f 242 269 185
f 242 258 269
f 242 218 258
f 233 286 276
f 238 239 236
f 225 286 283
f 260 275 164
f 260 286 275
f 237 225 238
f 241 244 246
f 276 165 225
f 236 255 256
f 228 146 255
f 254 145 204
f 247 117 190
f 262 263 145
f 277 263 131
f 261 286 260
f 261 263 262
f 75 279 222
f 224 259 265
f 206 203 265
f 207 218 94
f 207 268 218
f 268 257 218
f 96 281 227
f 248 209 250
f 278 208 190
f 232 216 146
f 216 215 117
f 232 118 223
f 95 96 255
f 204 244 254
f 262 213 261
f 226 241 238
f 212 96 95
f 284 212 209
f 222 279 221
f 266 27 243
f 268 242 185
f 268 207 242
f 207 94 242
f 265 259 206
f 220 203 206
f 93 206 259
f 34 131 224
f 204 231 268
f 293 294 138
f 294 290 138
f 292 290 294
f 296 128 297
f 291 298 288
f 20 127 24
f 298 295 287
f 11 98 112 63
f 145 263 277
f 82 49 19 78
f 89 38 12 65
f 33 48 103
f 1 119 121 4
f 219 75 222
f 136 40 29 126
f 28 39 88 70
f 16 99 104
f 7 157 170 198
f 4 5 3 62
f 2 5 4
f 9 7 8 10
f 14 13 12 15
f 22 24 18 21
f 16 47 17
f 22 21 19 23
f 22 23 20 24
f 31 32 28 30
f 31 295 29 32
f 36 37 264 285
f 109 107 41 43
f 43 41 38 42
f 52 50 2 53
f 46 47 48
f 44 47 46
f 53 51 54 52
f 58 57 162 59
f 57 58 60
f 55 56 60 58
f 175 63 66 67
f 186 173 174
f 67 66 64 68
f 68 188 69 67
f 178 71 74 177
f 175 67 69
f 177 74 72 75
f 79 140 253 280
f 76 177 75
f 140 79 77
f 80 79 280 217
f 79 80 150 81
f 81 179 77 79
f 84 180 85 86
f 181 90 91 92
f 90 181 182
f 4 121 137 2
f 266 205 27
f 119 1 172 142
f 18 24 127 138
f 100 123 125
f 100 125 99
f 101 102 126
f 134 133 56 55
f 135 105 103 106
f 139 110 111 219
f 104 135 106
f 289 111 110
f 144 115 191 113
f 113 183 184 144
f 168 157 7 9
f 254 244 241
f 120 98 122
f 17 100 99 16
f 13 175 65 12
f 100 17 158
f 11 63 175 13
f 15 41 107 14
f 38 41 15 12
f 37 46 48 33
f 160 44 46 37
f 295 31 30 287
f 70 73 30 28
f 101 126 29 295
f 55 25 130 134
f 21 179 78 19
f 77 179 21 18
f 23 54 51 20
f 19 49 54 23
f 7 60 56 8
f 32 29 40 43
f 39 28 32 43
f 25 55 59 205
f 2 50 5
f 26 205 59 162
f 52 85 180 50
f 53 2 137
f 49 82 85 52
f 72 74 194 189
f 42 38 89
f 62 172 1
f 68 64 193
f 71 195 194 74
f 182 69 188 90
f 152 84 87
f 153 91 90
f 65 69 182 89
f 78 179 85 82
f 83 86 81
f 92 91 71 178
f 174 3 180
f 253 147 211
f 70 88 181 178
f 66 113 191 64
f 248 217 280 210
f 11 14 122 98
f 97 122 14
f 48 16 104 106
f 124 99 125
f 126 102 128
f 34 33 131
f 219 111 76 75
f 106 103 48
f 40 136 109
f 223 222 221 215
f 102 291 297 128
f 247 216 117
f 33 103 105 131
f 296 293 138 127 128
f 141 114 98 120
f 97 137 121 122
f 122 121 119 120
f 123 167 10 125
f 125 10 8 124
f 128 127 20 126
f 129 231 277 131
f 135 132 133 134
f 110 139 253 140
f 136 53 109
f 53 137 108
f 144 184 142 143
f 120 119 142 141
f 226 230 213
f 253 139 229
f 132 124 8 133
f 137 97 108
f 166 171 154 155
f 167 123 166
f 87 198 170 152
f 155 156 166
f 153 199 163
f 161 26 150 252
f 160 159 194 149
f 187 186 168 6
f 148 193 158
f 17 45 169 148
f 240 159 36 285
f 33 34 264 37
f 27 26 161
f 57 198 162
f 123 100 171 166
f 156 202 167 166
f 192 152 170 157
f 6 167 202
f 160 149 153 44
f 169 163 199
f 193 154 171 158
f 276 286 165
f 176 76 111 289
f 150 26 162
f 142 184 141
f 63 183 113 66
f 179 81 86 85
f 142 172 61 143
f 184 183 112 114
f 42 89 182 181
f 73 70 178 177
f 88 42 181
f 173 62 3 174
f 176 73 177
f 195 71 91 153
f 172 62 173
f 191 193 64
f 192 174 84 152
f 188 199 90
f 143 61 187 202
f 274 235 95
f 174 192 186
f 156 115 143 202
f 155 154 191 115
f 148 169 188 68
f 271 247 190
f 250 200 234
f 251 249 272
f 252 150 196
f 240 189 194
f 266 269 258 205
f 201 247 271
f 116 35 203
f 267 266 243
f 267 243 246
f 35 264 34 224
f 243 273 245 246
f 93 164 270
f 233 251 275
f 190 251 233
f 151 248 250
f 200 235 234
f 271 190 276
f 236 274 255
f 189 249 72
f 245 241 246
f 234 239 245
f 234 235 239
f 273 250 234 245
f 240 214 272
f 250 273 151
f 151 243 27 161
f 243 151 273
f 249 189 240 272
f 238 225 230
f 197 151 161 252
f 233 276 190
f 237 271 225
f 201 271 237
f 236 239 274
f 214 164 275 272
f 286 233 275
f 146 201 256 255
f 271 276 225
f 236 237 238
f 277 231 204 145
f 147 228 227 281
f 147 253 229
f 118 139 219 223
f 227 228 255
f 226 213 254
f 213 262 145
f 280 253 211 210
f 208 278 221
f 278 117 215
f 279 75 72
f 282 235 200 212
f 228 229 232
f 118 232 229
f 281 211 147
f 96 211 281
f 282 95 235
f 212 200 250 209
f 283 213 230 225
f 208 249 251
f 190 208 251
f 80 217 252 196
f 228 232 146
f 284 210 211 96
f 216 232 215
f 215 232 223
f 255 96 227
f 286 261 283
f 261 213 283
f 238 241 239
f 226 254 241
f 118 229 139
f 209 248 210 284
f 292 288 289 290
f 72 208 279
f 221 279 208
f 116 285 35
f 201 146 247
f 223 219 222
f 224 131 263
f 197 217 248
f 292 294 293 291
f 288 292 291
f 287 289 288
f 287 30 73 176
f 293 297 291
f 293 296 297
f 298 291 101
f 298 287 288
f 101 295 298
