v 0.007402 -0.698077 -1.000000
v 0.202492 -0.698077 -0.980785
v 0.390085 -0.698077 -0.923880
v 0.562972 -0.698077 -0.831470
v 0.714508 -0.698077 -0.707107
v 0.838871 -0.698077 -0.555570
v 0.931281 -0.698077 -0.382683
v 0.988187 -0.698077 -0.195090
v 1.007402 -0.698077 0.000000
v 0.988187 -0.698077 0.195090
v 0.931281 -0.698077 0.382683
v 0.838871 -0.698077 0.555570
v 0.714508 -0.698077 0.707107
v 0.562972 -0.698077 0.831470
v 0.390085 -0.698077 0.923880
v 0.202492 -0.698077 0.980785
v 0.007402 -0.698077 1.000000
v -0.187689 -0.698077 0.980785
v -0.375282 -0.698077 0.923880
v -0.548169 -0.698077 0.831470
v -0.699705 -0.698077 0.707107
v -0.824068 -0.698077 0.555570
v -0.916478 -0.698077 0.382683
v -0.973384 -0.698077 0.195090
v -0.992598 -0.698077 0.000000
v -0.973384 -0.698077 -0.195090
v -0.916478 -0.698077 -0.382683
v -0.824068 -0.698077 -0.555570
v -0.699705 -0.698077 -0.707107
v -0.548169 -0.698077 -0.831470
v -0.375282 -0.698077 -0.923880
v -0.187689 -0.698077 -0.980785
v 0.007402 -0.564192 -1.076761
v 0.217467 -0.564192 -1.056071
v 0.419460 -0.564192 -0.994797
v 0.605618 -0.564192 -0.895294
v 0.768786 -0.564192 -0.761385
v 0.902695 -0.564192 -0.598216
v 1.002199 -0.564192 -0.412059
v 1.063473 -0.564192 -0.210066
v 1.084162 -0.564192 0.000000
v 1.063473 -0.564192 0.210066
v 1.002199 -0.564192 0.412059
v 0.902695 -0.564192 0.598216
v 0.768786 -0.564192 0.761385
v 0.605618 -0.564192 0.895294
v 0.419460 -0.564192 0.994797
v 0.217467 -0.564192 1.056071
v 0.007402 -0.564192 1.076761
v -0.202664 -0.564192 1.056071
v -0.404657 -0.564192 0.994797
v -0.590815 -0.564192 0.895294
v -0.753983 -0.564192 0.761385
v -0.887892 -0.564192 0.598216
v -0.987396 -0.564192 0.412059
v -1.048669 -0.564192 0.210066
v -1.069359 -0.564192 0.000000
v -1.048669 -0.564192 -0.210066
v -0.987396 -0.564192 -0.412059
v -0.887892 -0.564192 -0.598216
v -0.753983 -0.564192 -0.761385
v -0.590815 -0.564192 -0.895294
v -0.404657 -0.564192 -0.994797
v -0.202664 -0.564192 -1.056071
v 0.007402 -0.312174 -1.188047
v 0.239178 -0.312174 -1.165219
v 0.462048 -0.312174 -1.097612
v 0.667445 -0.312174 -0.987825
v 0.847478 -0.312174 -0.840076
v 0.995227 -0.312174 -0.660044
v 1.105014 -0.312174 -0.454646
v 1.172621 -0.312174 -0.231776
v 1.195449 -0.312174 0.000000
v 1.172621 -0.312174 0.231776
v 1.105014 -0.312174 0.454646
v 0.995227 -0.312174 0.660044
v 0.847478 -0.312174 0.840076
v 0.667445 -0.312174 0.987825
v 0.462048 -0.312174 1.097612
v 0.239178 -0.312174 1.165219
v 0.007402 -0.312174 1.188047
v -0.224375 -0.312174 1.165219
v -0.447244 -0.312174 1.097612
v -0.652642 -0.312174 0.987825
v -0.832674 -0.312174 0.840076
v -0.980423 -0.312174 0.660044
v -1.090211 -0.312174 0.454646
v -1.157817 -0.312174 0.231776
v -1.180645 -0.312174 0.000000
v -1.157817 -0.312174 -0.231776
v -1.090211 -0.312174 -0.454646
v -0.980423 -0.312174 -0.660044
v -0.832674 -0.312174 -0.840076
v -0.652642 -0.312174 -0.987825
v -0.447244 -0.312174 -1.097612
v -0.224375 -0.312174 -1.165219
v 0.007402 0.057978 -1.314570
v 0.263862 0.057978 -1.289311
v 0.510466 0.057978 -1.214504
v 0.737738 0.057978 -1.093025
v 0.936943 0.057978 -0.929541
v 1.100426 0.057978 -0.730336
v 1.221906 0.057978 -0.503064
v 1.296713 0.057978 -0.256460
v 1.321972 0.057978 0.000000
v 1.296713 0.057978 0.256460
v 1.221906 0.057978 0.503064
v 1.100426 0.057978 0.730336
v 0.936943 0.057978 0.929541
v 0.737738 0.057978 1.093025
v 0.510466 0.057978 1.214504
v 0.263862 0.057978 1.289311
v 0.007402 0.057978 1.314570
v -0.249058 0.057978 1.289311
v -0.495662 0.057978 1.214504
v -0.722934 0.057978 1.093025
v -0.922140 0.057978 0.929541
v -1.085623 0.057978 0.730336
v -1.207102 0.057978 0.503064
v -1.281909 0.057978 0.256460
v -1.307168 0.057978 0.000000
v -1.281909 0.057978 -0.256460
v -1.207102 0.057978 -0.503064
v -1.085623 0.057978 -0.730336
v -0.922140 0.057978 -0.929541
v -0.722934 0.057978 -1.093025
v -0.495662 0.057978 -1.214504
v -0.249058 0.057978 -1.289311
v 0.007402 0.412379 -1.385682
v 0.277735 0.412379 -1.359057
v 0.537680 0.412379 -1.280204
v 0.777246 0.412379 -1.152153
v 0.987227 0.412379 -0.979825
v 1.159554 0.412379 -0.769844
v 1.287605 0.412379 -0.530278
v 1.366459 0.412379 -0.270333
v 1.393084 0.412379 0.000000
v 1.366459 0.412379 0.270333
v 1.287605 0.412379 0.530278
v 1.159554 0.412379 0.769844
v 0.987227 0.412379 0.979825
v 0.777246 0.412379 1.152153
v 0.537680 0.412379 1.280204
v 0.277735 0.412379 1.359057
v 0.007402 0.412379 1.385682
v -0.262932 0.412379 1.359057
v -0.522876 0.412379 1.280204
v -0.762442 0.412379 1.152153
v -0.972424 0.412379 0.979825
v -1.144751 0.412379 0.769844
v -1.272802 0.412379 0.530278
v -1.351655 0.412379 0.270333
v -1.378280 0.412379 0.000000
v -1.351655 0.412379 -0.270333
v -1.272802 0.412379 -0.530278
v -1.144751 0.412379 -0.769844
v -0.972424 0.412379 -0.979825
v -0.762442 0.412379 -1.152153
v -0.522876 0.412379 -1.280204
v -0.262932 0.412379 -1.359057
v -0.000474 0.593518 -1.342338
v 0.261403 0.593518 -1.316546
v 0.513217 0.593518 -1.240159
v 0.745289 0.593517 -1.116113
v 0.948703 0.593517 -0.949176
v 1.115640 0.593517 -0.745763
v 1.239685 0.593517 -0.513691
v 1.316072 0.593517 -0.261877
v 1.341864 0.593517 -0.000000
v 1.316072 0.593517 0.261877
v 1.239685 0.593517 0.513691
v 1.115640 0.593517 0.745763
v 0.948703 0.593517 0.949176
v 0.745289 0.593517 1.116113
v 0.513217 0.593518 1.240159
v 0.261403 0.593518 1.316546
v -0.000474 0.593518 1.342338
v -0.262351 0.593518 1.316546
v -0.514165 0.593518 1.240159
v -0.746237 0.593518 1.116113
v -0.949650 0.593518 0.949176
v -1.116587 0.593518 0.745763
v -1.240633 0.593518 0.513691
v -1.317019 0.593518 0.261877
v -1.342812 0.593518 -0.000000
v -1.317019 0.593518 -0.261877
v -1.240633 0.593518 -0.513691
v -1.116587 0.593518 -0.745763
v -0.949650 0.593518 -0.949176
v -0.746237 0.593518 -1.116113
v -0.514165 0.593518 -1.240159
v -0.262351 0.593518 -1.316546
v -0.000474 0.743154 -1.267899
v 0.246881 0.743154 -1.243537
v 0.484730 0.743154 -1.171386
v 0.703933 0.743153 -1.054219
v 0.896066 0.743153 -0.896540
v 1.053746 0.743153 -0.704407
v 1.170912 0.743153 -0.485204
v 1.243063 0.743153 -0.247355
v 1.267425 0.743153 -0.000000
v 1.243063 0.743153 0.247355
v 1.170912 0.743153 0.485204
v 1.053746 0.743153 0.704407
v 0.896066 0.743153 0.896540
v 0.703933 0.743153 1.054219
v 0.484730 0.743154 1.171386
v 0.246881 0.743154 1.243537
v -0.000474 0.743154 1.267899
v -0.247829 0.743154 1.243537
v -0.485678 0.743154 1.171386
v -0.704881 0.743154 1.054219
v -0.897014 0.743154 0.896540
v -1.054693 0.743154 0.704407
v -1.171860 0.743154 0.485204
v -1.244010 0.743154 0.247355
v -1.268373 0.743154 -0.000000
v -1.244010 0.743154 -0.247355
v -1.171860 0.743154 -0.485204
v -1.054693 0.743154 -0.704407
v -0.897014 0.743154 -0.896540
v -0.704881 0.743154 -1.054219
v -0.485678 0.743154 -1.171386
v -0.247829 0.743154 -1.243537
v -0.000474 0.908541 -1.101347
v 0.214388 0.908541 -1.080185
v 0.420993 0.908541 -1.017512
v 0.611402 0.908541 -0.915736
v 0.778296 0.908541 -0.778770
v 0.915263 0.908541 -0.611875
v 1.017038 0.908541 -0.421467
v 1.079711 0.908541 -0.214862
v 1.100873 0.908541 -0.000000
v 1.079711 0.908541 0.214862
v 1.017038 0.908541 0.421467
v 0.915263 0.908541 0.611875
v 0.778296 0.908541 0.778770
v 0.611402 0.908541 0.915736
v 0.420993 0.908541 1.017512
v 0.214388 0.908541 1.080185
v -0.000474 0.908541 1.101347
v -0.215336 0.908541 1.080185
v -0.421941 0.908541 1.017512
v -0.612349 0.908541 0.915736
v -0.779244 0.908541 0.778770
v -0.916210 0.908541 0.611875
v -1.017985 0.908541 0.421467
v -1.080658 0.908541 0.214862
v -1.101820 0.908541 -0.000000
v -1.080658 0.908541 -0.214862
v -1.017985 0.908541 -0.421467
v -0.916210 0.908541 -0.611875
v -0.779244 0.908541 -0.778770
v -0.612349 0.908541 -0.915736
v -0.421941 0.908541 -1.017512
v -0.215336 0.908541 -1.080185
v -0.000474 1.010923 -0.971364
v 0.189030 1.010923 -0.952700
v 0.371251 1.010923 -0.897423
v 0.539187 1.010923 -0.807660
v 0.686384 1.010923 -0.686858
v 0.807186 1.010923 -0.539661
v 0.896950 1.010923 -0.371725
v 0.952226 1.010923 -0.189504
v 0.970890 1.010923 -0.000000
v 0.952226 1.010923 0.189504
v 0.896950 1.010923 0.371725
v 0.807186 1.010923 0.539661
v 0.686384 1.010923 0.686858
v 0.539187 1.010923 0.807660
v 0.371251 1.010923 0.897423
v 0.189030 1.010923 0.952700
v -0.000474 1.010923 0.971364
v -0.189978 1.010923 0.952700
v -0.372199 1.010923 0.897423
v -0.540135 1.010923 0.807660
v -0.687332 1.010923 0.686858
v -0.808133 1.010923 0.539661
v -0.897897 1.010923 0.371725
v -0.953173 1.010923 0.189504
v -0.971838 1.010923 -0.000000
v -0.953173 1.010923 -0.189504
v -0.897897 1.010923 -0.371725
v -0.808133 1.010923 -0.539661
v -0.687332 1.010923 -0.686858
v -0.540135 1.010923 -0.807660
v -0.372199 1.010923 -0.897423
v -0.189978 1.010923 -0.952700
v 0.997794 -0.698077 0.097545
v 1.073818 -0.564192 0.105033
v 1.184035 -0.312174 0.115888
v 1.309342 0.057978 0.128230
v 1.379771 0.412379 0.135167
v 1.328968 0.593517 0.130939
v 1.255244 0.743153 0.123677
v 1.090292 0.908541 0.107431
v 0.961558 1.010923 0.094752
v 0.997794 -0.698077 -0.097545
v 1.073818 -0.564192 -0.105033
v 1.184035 -0.312174 -0.115888
v 1.309342 0.057978 -0.128230
v 1.379771 0.412379 -0.135167
v 1.328968 0.593517 -0.130939
v 1.255244 0.743153 -0.123677
v 1.090292 0.908541 -0.107431
v 0.961558 1.010923 -0.094752
v -0.433048 -0.396180 1.063341
v -0.418853 -0.480186 1.029069
v -0.611424 -0.480186 0.926138
v -0.632033 -0.396180 0.956981
v 0.964383 -0.396180 -0.639434
v 0.933539 -0.480186 -0.618825
v 1.036471 -0.480186 -0.426254
v 1.070742 -0.396180 -0.440450
v -0.780214 -0.480186 0.787615
v -0.806444 -0.396180 0.813846
v 1.099855 -0.480186 -0.217303
v 1.136238 -0.396180 -0.224540
v -0.918736 -0.480186 0.618825
v -0.949580 -0.396180 0.639434
v -1.021667 -0.480186 0.426254
v -1.055939 -0.396180 0.440450
v 1.099855 -0.480186 0.217303
v 1.136238 -0.396180 0.224539
v -1.085052 -0.480186 0.217303
v -1.121435 -0.396180 0.224539
v 1.036471 -0.480186 0.426254
v 1.070742 -0.396180 0.440450
v -1.106454 -0.480186 0.000000
v -1.143550 -0.396180 0.000000
v 0.933539 -0.480186 0.618825
v 0.964383 -0.396180 0.639434
v -1.085052 -0.480186 -0.217303
v -1.121435 -0.396180 -0.224540
v 0.795017 -0.480186 0.787615
v 0.821247 -0.396180 0.813846
v -1.021667 -0.480186 -0.426254
v -1.055939 -0.396180 -0.440450
v 0.626227 -0.480186 0.926138
v 0.646836 -0.396180 0.956981
v -0.918736 -0.480186 -0.618825
v -0.949580 -0.396180 -0.639434
v 0.433656 -0.480186 1.029069
v 0.447852 -0.396180 1.063341
v 0.007402 -0.396180 -1.150952
v 0.007402 -0.480186 -1.113856
v 0.224704 -0.480186 -1.092454
v 0.231941 -0.396180 -1.128836
v -0.780214 -0.480186 -0.787615
v -0.806444 -0.396180 -0.813846
v 0.224704 -0.480186 1.092454
v 0.231941 -0.396180 1.128836
v 0.433656 -0.480186 -1.029069
v 0.447852 -0.396180 -1.063341
v -0.611424 -0.480186 -0.926138
v -0.632033 -0.396180 -0.956981
v 0.007402 -0.480186 1.113856
v 0.007402 -0.396180 1.150952
v 0.626227 -0.480186 -0.926138
v 0.646836 -0.396180 -0.956981
v -0.418853 -0.480186 -1.029069
v -0.433048 -0.396180 -1.063341
v -0.209901 -0.480186 1.092454
v -0.217138 -0.396180 1.128836
v 0.795017 -0.480186 -0.787615
v 0.821247 -0.396180 -0.813846
v -0.209901 -0.480186 -1.092454
v -0.217138 -0.396180 -1.128836
v 1.102160 -0.499386 0.158316
v 1.155692 -0.376981 0.163588
v 1.102160 -0.499386 -0.158316
v 1.155692 -0.376981 -0.163588
v 0.961544 0.533138 0.959393
v 0.974386 0.472759 0.969609
v 0.766594 0.472759 1.140140
v 0.755941 0.533138 1.128127
v -1.251356 0.533138 -0.519220
v -1.262079 0.472759 -0.524749
v -1.135363 0.472759 -0.761817
v -1.125975 0.533138 -0.753790
v 0.529525 0.472759 1.266855
v 0.521371 0.533138 1.253507
v 0.002151 0.533138 -1.356786
v 0.004777 0.472759 -1.371234
v 0.272291 0.472759 -1.344887
v 0.266847 0.533138 -1.330716
v -0.964833 0.472759 -0.969609
v -0.957241 0.533138 -0.959393
v 0.272291 0.472759 1.344887
v 0.266847 0.533138 1.330716
v 0.529525 0.472759 -1.266855
v 0.521371 0.533138 -1.253507
v -0.757040 0.472759 -1.140140
v -0.751639 0.533138 -1.128127
v 0.004777 0.472759 1.371234
v 0.002151 0.533138 1.356786
v 0.766594 0.472759 -1.140140
v 0.755941 0.533138 -1.128127
v -0.519972 0.472759 -1.266855
v -0.517068 0.533138 -1.253507
v -0.262738 0.472759 1.344887
v -0.262545 0.533138 1.330716
v 0.974386 0.472759 -0.969609
v 0.961544 0.533138 -0.959393
v -0.262738 0.472759 -1.344887
v -0.262545 0.533138 -1.330716
v -0.519972 0.472759 1.266855
v -0.517068 0.533138 1.253507
v 1.144916 0.472759 -0.761817
v 1.130278 0.533138 -0.753790
v -0.757040 0.472759 1.140140
v -0.751639 0.533138 1.128127
v 1.271632 0.472759 -0.524749
v 1.255658 0.533138 -0.519220
v -0.964833 0.472759 0.969609
v -0.957241 0.533138 0.959393
v 1.349663 0.472759 -0.267515
v 1.332868 0.533138 -0.264696
v -1.135363 0.472759 0.761817
v -1.125975 0.533138 0.753790
v -1.262079 0.472759 0.524749
v -1.251356 0.533138 0.519220
v 1.349663 0.472759 0.267515
v 1.332868 0.533138 0.264696
v -1.340110 0.472759 0.267515
v -1.328565 0.533138 0.264696
v 1.271632 0.472759 0.524749
v 1.255658 0.533138 0.519220
v -1.366458 0.472759 -0.000000
v -1.354635 0.533138 -0.000000
v 1.144916 0.472759 0.761817
v 1.130278 0.533138 0.753790
v -1.340110 0.472759 -0.267515
v -1.328565 0.533138 -0.264696
v 1.365383 0.463681 0.173977
v 1.343357 0.542216 0.172144
v 1.365383 0.463681 -0.173977
v 1.343357 0.542216 -0.172144
v 1.084162 -0.564192 0.000000
v 1.195449 -0.312174 0.000000
v 1.073818 -0.564192 0.105033
v 1.184035 -0.312174 0.115888
v 1.073818 -0.564192 -0.105033
v 1.184035 -0.312174 -0.115888
v 1.102160 -0.499386 0.158316
v 1.155692 -0.376981 0.163588
v 1.102160 -0.499386 -0.158316
v 1.155692 -0.376981 -0.163588
v 1.907833 -0.524979 -0.000000
v 1.748837 -0.299995 0.000000
v 1.902516 -0.533853 0.105033
v 1.742970 -0.309786 0.115888
v 1.902516 -0.533853 -0.105033
v 1.742970 -0.309786 -0.115888
v 1.861489 -0.476234 0.158316
v 1.783998 -0.367405 0.163588
v 1.861489 -0.476234 -0.158316
v 1.783998 -0.367405 -0.163588
v 2.104891 -0.378937 -0.000000
v 1.841603 -0.297837 0.000000
v 2.106099 -0.389211 0.105033
v 1.842936 -0.309173 0.115888
v 2.106099 -0.389211 -0.105033
v 1.842936 -0.309173 -0.115888
v 2.038427 -0.368630 0.158316
v 1.910608 -0.329755 0.163588
v 2.038427 -0.368630 -0.158316
v 1.910608 -0.329755 -0.163588
v 2.158404 -0.221958 -0.000000
v 1.882985 -0.228470 -0.000000
v 2.162805 -0.231320 0.105033
v 1.887841 -0.238799 0.115888
v 2.162805 -0.231320 -0.105033
v 1.887841 -0.238799 -0.115888
v 2.092098 -0.233243 0.158316
v 1.958548 -0.236876 0.163588
v 2.092098 -0.233243 -0.158316
v 1.958548 -0.236876 -0.163588
v 2.112397 0.022907 -0.000000
v 1.851676 -0.066104 -0.000000
v 2.119409 0.015301 0.105033
v 1.859413 -0.074495 0.115888
v 2.119409 0.015301 -0.105033
v 1.859413 -0.074495 -0.115888
v 2.052551 -0.007790 0.158316
v 1.926271 -0.051404 0.163588
v 2.052551 -0.007790 -0.158316
v 1.926271 -0.051404 -0.163588
v 2.003449 0.166030 -0.000000
v 1.780006 0.089746 -0.000000
v 2.009458 0.159512 0.090015
v 1.786637 0.082555 0.099319
v 2.009458 0.159512 -0.090016
v 1.786637 0.082555 -0.099319
v 1.952160 0.139723 0.135680
v 1.843935 0.102344 0.140199
v 1.952160 0.139723 -0.135680
v 1.843935 0.102344 -0.140199
v 2.003449 0.166030 -0.000000
v 1.780006 0.089746 -0.000000
v 2.009458 0.159512 0.090015
v 1.786637 0.082555 0.099319
v 2.009458 0.159512 -0.090016
v 1.786637 0.082555 -0.099319
v 1.952160 0.139723 0.135680
v 1.843935 0.102344 0.140199
v 1.952160 0.139723 -0.135680
v 1.843935 0.102344 -0.140199
v 1.854794 0.300575 -0.000000
v 1.665881 0.236080 -0.000000
v 1.859875 0.295064 0.076105
v 1.671487 0.229999 0.083970
v 1.859875 0.295064 -0.076105
v 1.671487 0.229999 -0.083970
v 1.811431 0.278333 0.114712
v 1.719931 0.246731 0.118533
v 1.811431 0.278333 -0.114713
v 1.719931 0.246731 -0.118533
v 1.850810 0.309114 -0.000000
v 1.669010 0.226672 -0.000000
v 1.856399 0.304119 0.076105
v 1.675177 0.221162 0.083970
v 1.856399 0.304119 -0.076105
v 1.675177 0.221162 -0.083970
v 1.809798 0.282787 0.114712
v 1.721779 0.242494 0.118533
v 1.809798 0.282787 -0.114713
v 1.721779 0.242494 -0.118533
v 1.670923 0.444470 -0.000000
v 1.512860 0.372792 -0.000000
v 1.675783 0.440128 0.066169
v 1.518221 0.368001 0.073007
v 1.675783 0.440128 -0.066169
v 1.518221 0.368001 -0.073007
v 1.635266 0.421580 0.099736
v 1.558739 0.386548 0.103057
v 1.635266 0.421580 -0.099736
v 1.558739 0.386548 -0.103057
v 1.670923 0.444470 -0.000000
v 1.512860 0.372792 -0.000000
v 1.675783 0.440128 0.066169
v 1.518221 0.368001 0.073007
v 1.675783 0.440128 -0.066169
v 1.518221 0.368001 -0.073007
v 1.635266 0.421580 0.099736
v 1.558739 0.386548 0.103057
v 1.635266 0.421580 -0.099736
v 1.558739 0.386548 -0.103057
v 1.566098 0.503719 -0.000000
v 1.408034 0.432041 -0.000000
v 1.570957 0.499377 0.066169
v 1.413396 0.427250 0.073007
v 1.570957 0.499377 -0.066169
v 1.413396 0.427250 -0.073007
v 1.530441 0.480829 0.099736
v 1.453913 0.445797 0.103057
v 1.530441 0.480829 -0.099736
v 1.453913 0.445797 -0.103057
v -0.982991 -0.698077 0.097545
v -1.059014 -0.564192 0.105033
v -1.169231 -0.312174 0.115888
v -1.294538 0.057978 0.080126
v -1.364968 0.412379 0.148860
v -1.329916 0.593518 0.130939
v -1.256191 0.743154 0.123677
v -1.091239 0.908541 0.107431
v -0.962506 1.010923 0.094752
v -1.095753 -0.480186 0.108651
v -1.132492 -0.396180 0.112270
v -1.353284 0.472759 0.141299
v -1.341600 0.533138 0.110939
v -0.411755 -0.522189 1.011933
v 0.918117 -0.522189 -0.608521
v 0.007402 -0.522189 -1.095309
v 0.750615 0.563328 1.122120
v -1.121281 0.563328 -0.749777
v 0.517294 0.563328 1.246833
v 0.264125 0.563328 -1.323631
v -0.953446 0.563328 -0.954285
v 0.264125 0.563328 1.323631
v 0.517294 0.563328 -1.246833
v -0.748938 0.563328 -1.122120
v 0.000839 0.563328 1.349562
v 0.750615 0.563328 -1.122120
v -0.515616 0.563328 -1.246833
v -0.262448 0.563328 1.323631
v 0.955123 0.563328 -0.954285
v -0.262448 0.563328 -1.323631
v -0.515616 0.563328 1.246833
v 1.122959 0.563328 -0.749777
v -0.748938 0.563328 1.122120
v 1.247672 0.563328 -0.516455
v -0.953446 0.563328 0.954285
v 1.324470 0.563328 -0.263287
v -1.121281 0.563328 0.749777
v -1.245994 0.563328 0.516455
v 1.324470 0.563328 0.263287
v -1.322792 0.563328 0.263287
v 1.247672 0.563328 0.516455
v -1.348723 0.563328 -0.000000
v 1.122959 0.563328 0.749777
v -1.322792 0.563328 -0.263287
v 1.336162 0.567867 0.151541
v 1.336162 0.567867 -0.151542
v -0.601119 -0.522189 0.910716
v 1.019335 -0.522189 -0.419156
v -0.767098 -0.522189 0.774500
v 1.081664 -0.522189 -0.213684
v -0.903314 -0.522189 0.608521
v -1.004531 -0.522189 0.419156
v 1.081664 -0.522189 0.213684
v -1.066861 -0.522189 0.213684
v 1.019335 -0.522189 0.419156
v -1.087907 -0.522189 0.000000
v 0.918117 -0.522189 0.608521
v -1.066861 -0.522189 -0.213684
v 0.781902 -0.522189 0.774500
v -1.004531 -0.522189 -0.419156
v 0.615922 -0.522189 0.910716
v -0.903314 -0.522189 -0.608521
v 0.426558 -0.522189 1.011933
v 0.221086 -0.522189 -1.074262
v -0.767098 -0.522189 -0.774500
v 0.221086 -0.522189 1.074262
v 0.426558 -0.522189 -1.011933
v -0.601119 -0.522189 -0.910716
v 0.007402 -0.522189 1.095309
v 0.615922 -0.522189 -0.910716
v -0.411755 -0.522189 -1.011933
v -0.206282 -0.522189 1.074262
v 0.781902 -0.522189 -0.774500
v -0.206282 -0.522189 -1.074262
v 1.087989 -0.531789 0.131674
v 1.087989 -0.531789 -0.131674
v 0.955123 0.563328 0.954285
v -1.245994 0.563328 -0.516455
v 0.000839 0.563328 -1.349562
v 1.087989 -0.531789 0.131674
v 1.087989 -0.531789 -0.131674
v 1.882003 -0.505044 0.131674
v 1.882003 -0.505044 -0.131674
v 2.072263 -0.378920 0.131674
v 2.072263 -0.378920 -0.131674
v 2.127451 -0.232282 0.131674
v 2.127451 -0.232282 -0.131674
v 2.085980 0.003756 0.131674
v 2.085980 0.003756 -0.131674
v 1.980809 0.149617 0.112848
v 1.980809 0.149617 -0.112848
v 1.980809 0.149617 0.112848
v 1.980809 0.149617 -0.112848
v 1.835653 0.286698 0.095408
v 1.835653 0.286698 -0.095409
v 1.833098 0.293453 0.095408
v 1.833098 0.293453 -0.095409
v 1.655524 0.430854 0.082952
v 1.655524 0.430854 -0.082952
v 1.655524 0.430854 0.082952
v 1.655524 0.430854 -0.082952
v 1.550699 0.490103 0.082952
v 1.550699 0.490103 -0.082952
v -1.077384 -0.522189 0.106842
v -1.335758 0.563328 0.082259
v -0.982991 -0.698077 -0.097545
v -1.059014 -0.564192 -0.105033
v -1.169231 -0.312174 -0.115888
v -1.294538 0.057978 -0.080126
v -1.364968 0.412379 -0.148860
v -1.329916 0.593518 -0.130939
v -1.256191 0.743154 -0.123677
v -1.091239 0.908541 -0.107431
v -0.962506 1.010923 -0.094752
v -1.095753 -0.480186 -0.108651
v -1.132492 -0.396180 -0.112270
v -1.353284 0.472759 -0.141299
v -1.341600 0.533138 -0.110939
v -1.077384 -0.522189 -0.106842
v -1.335758 0.563328 -0.082259
v -1.378280 0.412379 0.000000
v -1.378280 0.412379 0.000000
v -1.366458 0.472759 -0.000000
v -1.366458 0.472759 -0.000000
v -1.354635 0.533138 -0.000000
v -1.354635 0.533138 -0.000000
v -1.348723 0.563328 -0.000000
v -1.348723 0.563328 -0.000000
v -1.372369 0.442569 -0.000000
v -1.360546 0.502949 -0.000000
v -1.351679 0.548233 -0.000000
v -1.299345 0.146579 -0.259928
v -1.316782 0.235179 -0.263397
v -1.334219 0.323779 -0.266865
v 1.144773 0.323779 0.759967
v 1.129991 0.235179 0.750090
v 1.115208 0.146578 0.740213
v 0.949514 0.146578 0.942112
v 0.962085 0.235179 0.954683
v 0.974656 0.323779 0.967254
v -1.223527 0.146579 -0.509867
v -1.239952 0.235179 -0.516671
v -1.256377 0.323779 -0.523474
v 0.747615 0.146578 1.107807
v 0.757492 0.235179 1.122589
v 0.767369 0.323779 1.137371
v -1.100405 0.146579 -0.740213
v -1.115187 0.235179 -0.750090
v -1.129969 0.323779 -0.759967
v 0.517269 0.146578 1.230929
v 0.524073 0.235179 1.247354
v 0.530876 0.323779 1.263779
v 0.007402 0.323779 -1.367904
v 0.007402 0.235179 -1.350126
v 0.007402 0.146579 -1.332348
v 0.267330 0.146579 -1.306747
v 0.270798 0.235179 -1.324184
v 0.274267 0.323779 -1.341620
v -0.934711 0.146579 -0.942112
v -0.947282 0.235179 -0.954683
v -0.959853 0.323779 -0.967254
v 0.267330 0.146579 1.306747
v 0.270798 0.235179 1.324184
v 0.274267 0.323779 1.341620
v 0.517269 0.146578 -1.230929
v 0.524073 0.235179 -1.247354
v 0.530876 0.323779 -1.263779
v -0.732811 0.146579 -1.107807
v -0.742688 0.235179 -1.122589
v -0.752565 0.323779 -1.137371
v 0.007402 0.146579 1.332348
v 0.007402 0.235179 1.350126
v 0.007402 0.323779 1.367904
v 0.747615 0.146578 -1.107807
v 0.757492 0.235179 -1.122589
v 0.767369 0.323779 -1.137371
v -0.502466 0.146579 -1.230929
v -0.509269 0.235179 -1.247354
v -0.516073 0.323779 -1.263779
v -0.252527 0.146579 1.306747
v -0.255995 0.235179 1.324184
v -0.259463 0.323779 1.341620
v 0.949514 0.146578 -0.942112
v 0.962085 0.235179 -0.954683
v 0.974656 0.323779 -0.967254
v -0.252527 0.146579 -1.306747
v -0.255995 0.235179 -1.324184
v -0.259463 0.323779 -1.341620
v -0.502466 0.146579 1.230929
v -0.509269 0.235179 1.247354
v -0.516073 0.323779 1.263779
v 1.115208 0.146578 -0.740213
v 1.129991 0.235179 -0.750090
v 1.144773 0.323779 -0.759967
v -0.732811 0.146579 1.107807
v -0.742688 0.235179 1.122589
v -0.752565 0.323779 1.137371
v 1.238331 0.146578 -0.509867
v 1.254756 0.235179 -0.516671
v 1.271180 0.323779 -0.523474
v -0.934711 0.146579 0.942112
v -0.947282 0.235179 0.954683
v -0.959853 0.323779 0.967254
v 1.314149 0.146578 -0.259928
v 1.331586 0.235179 -0.263397
v 1.349022 0.323779 -0.266865
v -1.100405 0.146579 0.740213
v -1.115187 0.235179 0.750090
v -1.129969 0.323779 0.759967
v 1.339750 0.146578 0.000000
v 1.357528 0.235179 0.000000
v 1.375306 0.323779 0.000000
v -1.223527 0.146579 0.509867
v -1.239952 0.235179 0.516671
v -1.256377 0.323779 0.523474
v 1.314149 0.146578 0.259928
v 1.331586 0.235179 0.263397
v 1.349022 0.323779 0.266865
v -1.299345 0.146579 0.259928
v -1.316782 0.235179 0.263397
v -1.334219 0.323779 0.266865
v 1.238331 0.146578 0.509867
v 1.254756 0.235179 0.516671
v 1.271180 0.323779 0.523474
v 1.326949 0.146578 0.129964
v 1.344557 0.235179 0.131698
v 1.362164 0.323779 0.133432
v 1.326949 0.146578 -0.129964
v 1.344557 0.235179 -0.131698
v 1.362164 0.323779 -0.133432
v -1.312146 0.146579 0.129964
v -1.329753 0.235179 0.158028
v -1.347360 0.323779 0.156701
v -1.312146 0.146579 -0.129964
v -1.329753 0.235179 -0.158028
v -1.347360 0.323779 -0.156701
v -1.452946 0.018672 0.000000
v -1.441919 0.021812 0.072741
v -1.591534 0.313735 0.135140
v -1.596346 0.369358 0.128276
v -1.601157 0.424982 0.100714
v -1.603563 0.452794 0.074678
v -1.441919 0.021812 -0.072741
v -1.591534 0.313735 -0.135140
v -1.596346 0.369358 -0.128276
v -1.601157 0.424982 -0.100714
v -1.603563 0.452794 -0.074678
v -1.603158 0.310424 0.000000
v -1.607848 0.366083 -0.000000
v -1.612539 0.421741 -0.000000
v -1.614884 0.449570 -0.000000
v -1.614884 0.449570 -0.000000
v -1.479323 0.094793 0.117986
v -1.516727 0.167773 0.143463
v -1.554130 0.240754 0.142259
v -1.479323 0.094793 -0.117986
v -1.516727 0.167773 -0.143463
v -1.554130 0.240754 -0.142259
v -1.536931 -0.022597 0.000000
v -1.528120 -0.017636 0.064155
v -1.716491 0.201943 0.119188
v -1.732062 0.248657 0.113134
v -1.747632 0.295372 0.088826
v -1.755417 0.318729 0.065862
v -1.528120 -0.017636 -0.064155
v -1.716491 0.201943 -0.119188
v -1.732062 0.248657 -0.113134
v -1.747632 0.295372 -0.088826
v -1.755417 0.318729 -0.065862
v -1.725779 0.196713 0.000000
v -1.741252 0.243482 0.000000
v -1.756726 0.290250 0.000000
v -1.764463 0.313635 0.000000
v -1.764463 0.313635 0.000000
v -1.575212 0.037259 0.104058
v -1.622305 0.092154 0.126528
v -1.669398 0.147048 0.125466
v -1.575212 0.037259 -0.104058
v -1.622305 0.092154 -0.126528
v -1.669398 0.147048 -0.125466
v -1.660193 -0.157901 0.000000
v -1.655503 -0.152707 0.044400
v -1.827406 -0.050048 0.082488
v -1.847898 -0.022818 0.078298
v -1.868389 0.004412 0.061475
v -1.878635 0.018027 0.045582
v -1.655503 -0.152707 -0.044400
v -1.827406 -0.050048 -0.082488
v -1.847898 -0.022818 -0.078298
v -1.868389 0.004412 -0.061475
v -1.878635 0.018027 -0.045582
v -1.832351 -0.055523 0.000000
v -1.852791 -0.028236 0.000000
v -1.873230 -0.000949 0.000000
v -1.883451 0.012694 0.000000
v -1.883451 0.012694 0.000000
v -1.698478 -0.127042 0.072017
v -1.741455 -0.101378 0.087568
v -1.784430 -0.075713 0.086833
v -1.698478 -0.127042 -0.072017
v -1.741455 -0.101378 -0.087568
v -1.784431 -0.075713 -0.086833
v -1.760461 -0.394898 0.000000
v -1.755770 -0.389704 0.044400
v -1.927674 -0.287045 0.082488
v -1.948166 -0.259815 0.078298
v -1.968657 -0.232585 0.061475
v -1.978903 -0.218970 0.045582
v -1.755770 -0.389704 -0.044400
v -1.927674 -0.287045 -0.082488
v -1.948166 -0.259815 -0.078298
v -1.968657 -0.232585 -0.061475
v -1.978903 -0.218970 -0.045582
v -1.932618 -0.292519 0.000000
v -1.953058 -0.265233 0.000000
v -1.973498 -0.237946 0.000000
v -1.983718 -0.224302 0.000000
v -1.983718 -0.224302 0.000000
v -1.798746 -0.364039 0.072017
v -1.841722 -0.338374 0.087568
v -1.884698 -0.312709 0.086833
v -1.798746 -0.364039 -0.072017
v -1.841722 -0.338374 -0.087568
v -1.884698 -0.312709 -0.086833
v -1.828825 -0.513396 0.000000
v -1.824135 -0.508202 0.044400
v -1.996038 -0.405543 0.082488
v -2.016530 -0.378313 0.078298
v -2.037022 -0.351083 0.061475
v -2.047267 -0.337468 0.045582
v -1.824135 -0.508202 -0.044400
v -1.996038 -0.405543 -0.082488
v -2.016530 -0.378313 -0.078298
v -2.037022 -0.351083 -0.061475
v -2.047267 -0.337468 -0.045582
v -2.000983 -0.411018 0.000000
v -2.021423 -0.383731 0.000000
v -2.041863 -0.356444 0.000000
v -2.052083 -0.342801 0.000000
v -2.052083 -0.342801 0.000000
v -1.867111 -0.482537 0.072017
v -1.910087 -0.456873 0.087568
v -1.953063 -0.431208 0.086833
v -1.867111 -0.482537 -0.072017
v -1.910087 -0.456873 -0.087568
v -1.953063 -0.431208 -0.086833
v -1.929093 -0.645567 0.000000
v -1.924402 -0.640374 0.044400
v -2.096306 -0.537714 0.082488
v -2.116798 -0.510484 0.078298
v -2.137290 -0.483255 0.061475
v -2.147535 -0.469640 0.045582
v -1.924402 -0.640374 -0.044400
v -2.096306 -0.537714 -0.082488
v -2.116798 -0.510484 -0.078298
v -2.137290 -0.483255 -0.061475
v -2.147535 -0.469640 -0.045582
v -2.101251 -0.543189 0.000000
v -2.121691 -0.515902 0.000000
v -2.142131 -0.488615 0.000000
v -2.152351 -0.474972 0.000000
v -2.152351 -0.474972 0.000000
v -1.967378 -0.614709 0.072017
v -2.010355 -0.589044 0.087568
v -2.053330 -0.563379 0.086833
v -1.967378 -0.614709 -0.072017
v -2.010355 -0.589044 -0.087568
v -2.053330 -0.563379 -0.086833
v -1.929093 -0.645567 0.000000
v -1.924402 -0.640374 0.044400
v -2.096306 -0.537714 0.082488
v -2.116798 -0.510484 0.078298
v -2.137290 -0.483255 0.061475
v -2.147535 -0.469640 0.045582
v -1.924402 -0.640374 -0.044400
v -2.096306 -0.537714 -0.082488
v -2.116798 -0.510484 -0.078298
v -2.137290 -0.483255 -0.061475
v -2.147535 -0.469640 -0.045582
v -2.101251 -0.543189 0.000000
v -2.121691 -0.515902 0.000000
v -2.142131 -0.488615 0.000000
v -2.152351 -0.474972 0.000000
v -2.152351 -0.474972 0.000000
v -1.967378 -0.614709 0.072017
v -2.010355 -0.589044 0.087568
v -2.053330 -0.563379 0.086833
v -1.967378 -0.614709 -0.072017
v -2.010355 -0.589044 -0.087568
v -2.053330 -0.563379 -0.086833
v -1.929093 -0.645567 0.000000
v -1.924402 -0.640374 0.044400
v -2.096306 -0.537714 0.082488
v -2.116798 -0.510484 0.078298
v -2.137290 -0.483255 0.061475
v -2.147535 -0.469640 0.045582
v -1.924402 -0.640374 -0.044400
v -2.096306 -0.537714 -0.082488
v -2.116798 -0.510484 -0.078298
v -2.137290 -0.483255 -0.061475
v -2.147535 -0.469640 -0.045582
v -2.101251 -0.543189 0.000000
v -2.121691 -0.515902 0.000000
v -2.142131 -0.488615 0.000000
v -2.152351 -0.474972 0.000000
v -2.152351 -0.474972 0.000000
v -1.967378 -0.614709 0.072017
v -2.010355 -0.589044 0.087568
v -2.053330 -0.563379 0.086833
v -1.967378 -0.614709 -0.072017
v -2.010355 -0.589044 -0.087568
v -2.053330 -0.563379 -0.086833
v -2.101490 -0.658236 0.000000
v -2.100196 -0.651358 0.044400
v -2.300410 -0.647930 0.082488
v -2.332093 -0.640831 0.078298
v -2.363776 -0.628278 0.061475
v -2.379617 -0.622002 0.045582
v -2.100196 -0.651358 -0.044400
v -2.300410 -0.647930 -0.082488
v -2.332093 -0.640831 -0.078298
v -2.363776 -0.628278 -0.061474
v -2.379617 -0.622002 -0.045582
v -2.380946 -0.629063 0.000000
v -2.380946 -0.629063 0.000000
v -2.150249 -0.651864 0.072017
v -2.200303 -0.652370 0.087568
v -2.250356 -0.652876 0.086833
v -2.150249 -0.651864 -0.072017
v -2.200303 -0.652370 -0.087568
v -2.250356 -0.652876 -0.086833
v 0.007402 -0.732510 -0.945072
v 0.191776 -0.732510 -0.926913
v 0.369065 -0.732510 -0.873133
v 0.532456 -0.732510 -0.785799
v 0.675669 -0.732510 -0.668267
v 0.793201 -0.732510 -0.525054
v 0.880535 -0.732510 -0.361664
v 0.934315 -0.732510 -0.184374
v 0.952474 -0.732510 -0.000000
v 0.934315 -0.732510 0.184374
v 0.880535 -0.732510 0.361664
v 0.793201 -0.732510 0.525054
v 0.675669 -0.732510 0.668267
v 0.532456 -0.732510 0.785799
v 0.369065 -0.732510 0.873133
v 0.191776 -0.732510 0.926913
v 0.007402 -0.732510 0.945072
v -0.176973 -0.732510 0.926913
v -0.354262 -0.732510 0.873133
v -0.517653 -0.732510 0.785799
v -0.660865 -0.732509 0.668267
v -0.778397 -0.732509 0.525054
v -0.865731 -0.732509 0.361664
v -0.919511 -0.732509 0.184374
v -0.937671 -0.732509 -0.000000
v -0.919511 -0.732509 -0.184374
v -0.865731 -0.732509 -0.361664
v -0.778397 -0.732509 -0.525054
v -0.660865 -0.732509 -0.668267
v -0.517653 -0.732510 -0.785799
v -0.354262 -0.732510 -0.873133
v -0.176973 -0.732510 -0.926913
v 0.943394 -0.732510 0.092187
v 0.943394 -0.732510 -0.092187
v -0.928591 -0.732509 0.092187
v -0.928591 -0.732509 -0.092187
v 0.011889 -0.773679 -0.816380
v 0.168698 -0.773679 -0.800936
v 0.319482 -0.773679 -0.755196
v 0.458444 -0.773679 -0.680919
v 0.580246 -0.773679 -0.580959
v 0.680206 -0.773679 -0.459157
v 0.754483 -0.773679 -0.320194
v 0.800223 -0.773679 -0.169411
v 0.815667 -0.773679 -0.012602
v 0.800223 -0.773679 0.144208
v 0.754483 -0.773679 0.294991
v 0.680206 -0.773679 0.433954
v 0.580246 -0.773679 0.555756
v 0.458444 -0.773679 0.655716
v 0.319482 -0.773679 0.729993
v 0.168698 -0.773679 0.775733
v 0.011889 -0.773679 0.791177
v -0.144921 -0.773679 0.775733
v -0.295704 -0.773679 0.729993
v -0.434667 -0.773679 0.655716
v -0.556468 -0.773679 0.555756
v -0.656429 -0.773679 0.433954
v -0.730706 -0.773679 0.294991
v -0.776445 -0.773679 0.144208
v -0.791890 -0.773679 -0.012602
v -0.776445 -0.773679 -0.169411
v -0.730706 -0.773679 -0.320194
v -0.656429 -0.773679 -0.459157
v -0.556468 -0.773679 -0.580959
v -0.434667 -0.773679 -0.680919
v -0.295704 -0.773679 -0.755196
v -0.144921 -0.773679 -0.800936
v 0.807945 -0.773679 0.065803
v 0.807945 -0.773679 -0.091006
v -0.784168 -0.773679 0.065803
v -0.784168 -0.773679 -0.091006
v 0.011889 -0.842043 -0.493037
v 0.105617 -0.842043 -0.483806
v 0.195744 -0.842043 -0.456466
v 0.278805 -0.842043 -0.412069
v 0.351608 -0.842043 -0.352321
v 0.411357 -0.842043 -0.279518
v 0.455754 -0.842043 -0.196456
v 0.483093 -0.842043 -0.106330
v 0.492325 -0.842043 -0.012602
v 0.483093 -0.842043 0.081127
v 0.455754 -0.842043 0.171253
v 0.411357 -0.842043 0.254314
v 0.351608 -0.842043 0.327118
v 0.278805 -0.842043 0.386866
v 0.195744 -0.842043 0.431263
v 0.105617 -0.842043 0.458603
v 0.011889 -0.842043 0.467834
v -0.081840 -0.842043 0.458603
v -0.171966 -0.842043 0.431263
v -0.255027 -0.842043 0.386866
v -0.327831 -0.842043 0.327118
v -0.387579 -0.842043 0.254314
v -0.431976 -0.842043 0.171253
v -0.459316 -0.842043 0.081127
v -0.468547 -0.842043 -0.012602
v -0.459316 -0.842043 -0.106330
v -0.431976 -0.842043 -0.196456
v -0.387579 -0.842043 -0.279518
v -0.327831 -0.842043 -0.352321
v -0.255027 -0.842043 -0.412069
v -0.171966 -0.842043 -0.456466
v -0.081840 -0.842043 -0.483806
v 0.487709 -0.842043 0.034263
v 0.487709 -0.842043 -0.059466
v -0.463931 -0.842043 0.034263
v -0.463931 -0.842043 -0.059466
v 0.011889 -0.876267 -0.157500
v 0.040157 -0.876267 -0.154715
v 0.067339 -0.876267 -0.146470
v 0.092390 -0.876267 -0.133080
v 0.114347 -0.876267 -0.115060
v 0.132367 -0.876267 -0.093103
v 0.145757 -0.876267 -0.068052
v 0.154003 -0.876267 -0.040870
v 0.156787 -0.876267 -0.012602
v 0.154003 -0.876267 0.015667
v 0.145757 -0.876267 0.042848
v 0.132367 -0.876267 0.067899
v 0.114347 -0.876267 0.089857
v 0.092390 -0.876267 0.107877
v 0.067339 -0.876267 0.121267
v 0.040157 -0.876267 0.129512
v 0.011889 -0.876267 0.132296
v -0.016379 -0.876267 0.129512
v -0.043561 -0.876267 0.121267
v -0.068612 -0.876267 0.107877
v -0.090570 -0.876267 0.089857
v -0.108589 -0.876267 0.067899
v -0.121979 -0.876267 0.042848
v -0.130225 -0.876267 0.015667
v -0.133009 -0.876267 -0.012602
v -0.130225 -0.876267 -0.040870
v -0.121979 -0.876267 -0.068052
v -0.108589 -0.876267 -0.093103
v -0.090570 -0.876267 -0.115060
v -0.068612 -0.876267 -0.133080
v -0.043561 -0.876267 -0.146470
v -0.016379 -0.876267 -0.154715
v 0.155395 -0.876267 0.001532
v 0.155395 -0.876267 -0.026736
v -0.131617 -0.876267 0.001532
v -0.131617 -0.876267 -0.026736
v 0.011889 -0.918883 -0.157500
v 0.040157 -0.918883 -0.154715
v 0.067339 -0.918883 -0.146470
v 0.092390 -0.918883 -0.133080
v 0.114347 -0.918883 -0.115060
v 0.132367 -0.918883 -0.093103
v 0.145757 -0.918883 -0.068052
v 0.154003 -0.918883 -0.040870
v 0.156787 -0.918883 -0.012602
v 0.154003 -0.918883 0.015667
v 0.145757 -0.918883 0.042848
v 0.132367 -0.918883 0.067899
v 0.114347 -0.918883 0.089857
v 0.092390 -0.918883 0.107877
v 0.067339 -0.918883 0.121267
v 0.040157 -0.918883 0.129512
v 0.011889 -0.918883 0.132296
v -0.016379 -0.918883 0.129512
v -0.043561 -0.918883 0.121267
v -0.068612 -0.918883 0.107877
v -0.090570 -0.918883 0.089857
v -0.108589 -0.918883 0.067899
v -0.121979 -0.918883 0.042848
v -0.130225 -0.918883 0.015667
v -0.133009 -0.918883 -0.012602
v -0.130225 -0.918883 -0.040870
v -0.121979 -0.918883 -0.068052
v -0.108589 -0.918883 -0.093103
v -0.090570 -0.918883 -0.115060
v -0.068612 -0.918883 -0.133080
v -0.043561 -0.918883 -0.146470
v -0.016379 -0.918883 -0.154715
v 0.155395 -0.918883 0.001532
v 0.155395 -0.918883 -0.026736
v -0.131617 -0.918883 0.001532
v -0.131617 -0.918883 -0.026736
v 0.011889 -0.956792 -0.195834
v 0.047636 -0.956792 -0.192314
v 0.082009 -0.956792 -0.181887
v 0.113687 -0.956792 -0.164954
v 0.141454 -0.956792 -0.142167
v 0.164241 -0.956792 -0.114400
v 0.181174 -0.956792 -0.082722
v 0.191601 -0.956792 -0.048349
v 0.195122 -0.956792 -0.012602
v 0.191601 -0.956792 0.023145
v 0.181174 -0.956792 0.057519
v 0.164241 -0.956792 0.089197
v 0.141454 -0.956792 0.116963
v 0.113687 -0.956792 0.139751
v 0.082009 -0.956792 0.156683
v 0.047636 -0.956792 0.167110
v 0.011889 -0.956792 0.170631
v -0.023858 -0.956792 0.167110
v -0.058231 -0.956792 0.156683
v -0.089910 -0.956792 0.139751
v -0.117676 -0.956792 0.116963
v -0.140464 -0.956792 0.089197
v -0.157396 -0.956792 0.057519
v -0.167823 -0.956792 0.023145
v -0.171344 -0.956792 -0.012602
v -0.167823 -0.956792 -0.048349
v -0.157396 -0.956792 -0.082722
v -0.140464 -0.956792 -0.114400
v -0.117676 -0.956792 -0.142167
v -0.089910 -0.956792 -0.164954
v -0.058231 -0.956792 -0.181887
v -0.023858 -0.956792 -0.192314
v 0.193361 -0.956792 0.005272
v 0.193361 -0.956792 -0.030475
v -0.169583 -0.956792 0.005272
v -0.169583 -0.956792 -0.030475
v 0.011889 -0.994556 -0.195834
v 0.047636 -0.994556 -0.192314
v 0.082009 -0.994556 -0.181887
v 0.113687 -0.994556 -0.164954
v 0.141454 -0.994556 -0.142167
v 0.164241 -0.994556 -0.114400
v 0.181174 -0.994556 -0.082722
v 0.191601 -0.994556 -0.048349
v 0.195122 -0.994556 -0.012602
v 0.191601 -0.994556 0.023145
v 0.181174 -0.994556 0.057519
v 0.164241 -0.994556 0.089197
v 0.141454 -0.994556 0.116963
v 0.113687 -0.994556 0.139751
v 0.082009 -0.994556 0.156683
v 0.047636 -0.994556 0.167110
v 0.011889 -0.994556 0.170631
v -0.023858 -0.994556 0.167110
v -0.058231 -0.994556 0.156683
v -0.089910 -0.994556 0.139751
v -0.117676 -0.994556 0.116963
v -0.140464 -0.994556 0.089197
v -0.157396 -0.994556 0.057519
v -0.167823 -0.994556 0.023145
v -0.171344 -0.994556 -0.012602
v -0.167823 -0.994556 -0.048349
v -0.157396 -0.994556 -0.082722
v -0.140464 -0.994556 -0.114400
v -0.117676 -0.994556 -0.142167
v -0.089910 -0.994556 -0.164954
v -0.058231 -0.994556 -0.181887
v -0.023858 -0.994556 -0.192314
v 0.193361 -0.994556 0.005272
v 0.193361 -0.994556 -0.030475
v -0.169583 -0.994556 0.005272
v -0.169583 -0.994556 -0.030475
v 0.011889 -1.040196 -0.107813
v 0.030464 -1.040196 -0.105984
v 0.048325 -1.040196 -0.100566
v 0.064786 -1.040196 -0.091767
v 0.079214 -1.040196 -0.079926
v 0.091055 -1.040196 -0.065498
v 0.099853 -1.040196 -0.049038
v 0.105271 -1.040196 -0.031177
v 0.107101 -1.040196 -0.012602
v 0.105271 -1.040196 0.005973
v 0.099853 -1.040196 0.023834
v 0.091055 -1.040196 0.040295
v 0.079214 -1.040196 0.054723
v 0.064786 -1.040196 0.066564
v 0.048325 -1.040196 0.075363
v 0.030464 -1.040196 0.080781
v 0.011889 -1.040196 0.082610
v -0.006686 -1.040196 0.080781
v -0.024547 -1.040196 0.075363
v -0.041008 -1.040196 0.066564
v -0.055436 -1.040196 0.054723
v -0.067277 -1.040196 0.040295
v -0.076075 -1.040196 0.023834
v -0.081493 -1.040196 0.005973
v -0.083323 -1.040196 -0.012602
v -0.081493 -1.040196 -0.031177
v -0.076075 -1.040196 -0.049038
v -0.067277 -1.040196 -0.065498
v -0.055436 -1.040196 -0.079926
v -0.041008 -1.040196 -0.091767
v -0.024547 -1.040196 -0.100566
v -0.006686 -1.040196 -0.105984
v 0.106186 -1.040196 -0.003314
v 0.106186 -1.040196 -0.021889
v -0.082408 -1.040196 -0.003314
v -0.082408 -1.040196 -0.021889
f 560 57 25 559
f 43 44 12 11
f 665 58 26 664
f 44 45 13 12
f 58 59 27 26
f 45 46 14 13
f 59 60 28 27
f 46 47 15 14
f 33 34 2 1
f 60 61 29 28
f 47 48 16 15
f 34 35 3 2
f 61 62 30 29
f 48 49 17 16
f 35 36 4 3
f 62 63 31 30
f 49 50 18 17
f 36 37 5 4
f 63 64 32 31
f 50 51 19 18
f 37 38 6 5
f 64 33 1 32
f 51 52 20 19
f 38 39 7 6
f 52 53 21 20
f 39 40 8 7
f 53 54 22 21
f 299 41 9 298
f 54 55 23 22
f 290 42 10 289
f 55 56 24 23
f 42 43 11 10
f 83 84 310 307
f 70 71 314 311
f 84 85 316 310
f 71 72 318 314
f 85 86 320 316
f 367 346 574 632
f 86 87 322 320
f 291 74 324 370
f 87 88 326 322
f 74 75 328 324
f 561 89 330 569
f 75 76 332 328
f 666 90 334 674
f 76 77 336 332
f 90 91 338 334
f 77 78 340 336
f 91 92 342 338
f 78 79 344 340
f 65 66 348 345
f 92 93 350 342
f 79 80 352 344
f 66 67 354 348
f 93 94 356 350
f 80 81 358 352
f 67 68 360 354
f 94 95 362 356
f 81 82 364 358
f 68 69 366 360
f 95 96 368 362
f 82 83 307 364
f 69 70 311 366
f 96 65 345 368
f 118 119 87 86
f 292 106 74 291
f 119 120 88 87
f 106 107 75 74
f 562 121 89 561
f 107 108 76 75
f 667 122 90 666
f 108 109 77 76
f 122 123 91 90
f 109 110 78 77
f 123 124 92 91
f 110 111 79 78
f 97 98 66 65
f 124 125 93 92
f 111 112 80 79
f 98 99 67 66
f 125 126 94 93
f 112 113 81 80
f 99 100 68 67
f 126 127 95 94
f 113 114 82 81
f 100 101 69 68
f 127 128 96 95
f 114 115 83 82
f 101 102 70 69
f 128 97 65 96
f 115 116 84 83
f 102 103 71 70
f 116 117 85 84
f 103 104 72 71
f 117 118 86 85
f 301 105 73 300
f 668 154 692 794
f 140 141 698 693
f 154 155 701 692
f 141 142 704 698
f 155 156 707 701
f 142 143 710 704
f 129 130 716 711
f 156 157 719 707
f 143 144 722 710
f 130 131 725 716
f 157 158 728 719
f 144 145 731 722
f 131 132 734 725
f 158 159 737 728
f 145 146 740 731
f 132 133 743 734
f 159 160 746 737
f 146 147 749 740
f 133 134 752 743
f 160 129 711 746
f 147 148 755 749
f 134 135 758 752
f 148 149 761 755
f 135 136 764 758
f 149 150 767 761
f 302 137 770 788
f 150 151 773 767
f 293 138 776 785
f 151 152 779 773
f 138 139 782 776
f 769 784 783 768
f 139 140 693 782
f 173 174 575 635
f 187 188 576 636
f 174 175 577 575
f 161 162 578 637
f 188 189 579 576
f 175 176 580 577
f 162 163 581 578
f 189 190 582 579
f 176 177 583 580
f 163 164 584 581
f 190 191 585 582
f 177 178 586 583
f 164 165 587 584
f 191 192 588 585
f 178 179 589 586
f 165 166 590 587
f 192 161 637 588
f 179 180 591 589
f 166 167 592 590
f 180 181 593 591
f 167 168 594 592
f 181 182 595 593
f 317 371 634 608
f 182 183 596 595
f 294 170 597 603
f 183 184 598 596
f 170 171 599 597
f 564 185 600 685 663
f 171 172 601 599
f 669 186 602 678
f 172 173 635 601
f 186 187 636 602
f 208 209 177 176
f 195 196 164 163
f 222 223 191 190
f 209 210 178 177
f 196 197 165 164
f 223 224 192 191
f 210 211 179 178
f 197 198 166 165
f 224 193 161 192
f 211 212 180 179
f 198 199 167 166
f 212 213 181 180
f 199 200 168 167
f 213 214 182 181
f 304 201 169 303
f 214 215 183 182
f 295 202 170 294
f 215 216 184 183
f 202 203 171 170
f 565 217 185 564
f 203 204 172 171
f 670 218 186 669
f 204 205 173 172
f 218 219 187 186
f 205 206 174 173
f 219 220 188 187
f 206 207 175 174
f 193 194 162 161
f 220 221 189 188
f 207 208 176 175
f 194 195 163 162
f 221 222 190 189
f 243 244 212 211
f 230 231 199 198
f 244 245 213 212
f 231 232 200 199
f 245 246 214 213
f 305 233 201 304
f 246 247 215 214
f 296 234 202 295
f 247 248 216 215
f 234 235 203 202
f 566 249 217 565
f 235 236 204 203
f 671 250 218 670
f 236 237 205 204
f 250 251 219 218
f 237 238 206 205
f 251 252 220 219
f 238 239 207 206
f 225 226 194 193
f 252 253 221 220
f 239 240 208 207
f 226 227 195 194
f 253 254 222 221
f 240 241 209 208
f 227 228 196 195
f 254 255 223 222
f 241 242 210 209
f 228 229 197 196
f 255 256 224 223
f 242 243 211 210
f 229 230 198 197
f 256 225 193 224
f 278 279 247 246
f 297 266 234 296
f 279 280 248 247
f 266 267 235 234
f 567 281 249 566
f 267 268 236 235
f 672 282 250 671
f 268 269 237 236
f 282 283 251 250
f 269 270 238 237
f 283 284 252 251
f 270 271 239 238
f 257 258 226 225
f 284 285 253 252
f 271 272 240 239
f 258 259 227 226
f 285 286 254 253
f 272 273 241 240
f 259 260 228 227
f 286 287 255 254
f 273 274 242 241
f 260 261 229 228
f 287 288 256 255
f 274 275 243 242
f 261 262 230 229
f 288 257 225 256
f 275 276 244 243
f 262 263 231 230
f 276 277 245 244
f 263 264 232 231
f 277 278 246 245
f 306 265 233 305
f 265 297 296 233
f 233 296 295 201
f 201 295 294 169
f 318 372 371 317
f 137 293 785 770
f 105 292 291 73
f 368 345 346 367
f 41 290 289 9
f 264 306 305 232
f 232 305 304 200
f 200 304 303 168
f 168 303 604 594
f 136 302 788 764
f 104 301 300 72
f 72 300 372 318
f 40 299 298 8
f 365 312 573 631
f 366 311 312 365
f 363 308 572 630
f 364 307 308 363
f 361 367 632 629
f 362 368 367 361
f 359 365 631 628
f 360 366 365 359
f 357 363 630 627
f 358 364 363 357
f 355 361 629 626
f 356 362 361 355
f 353 359 628 625
f 354 360 359 353
f 351 357 627 624
f 352 358 357 351
f 349 355 626 623
f 350 356 355 349
f 347 353 625 622
f 348 354 353 347
f 343 351 624 621
f 344 352 351 343
f 341 349 623 620
f 342 350 349 341
f 346 347 622 574
f 345 348 347 346
f 339 343 621 619
f 340 344 343 339
f 337 341 620 618
f 338 342 341 337
f 335 339 619 617
f 336 340 339 335
f 333 337 618 616
f 334 338 337 333
f 331 335 617 615
f 332 336 335 331
f 673 333 616 677
f 674 334 333 673
f 327 331 615 613
f 328 332 331 327
f 568 329 614 662
f 569 330 329 568
f 323 327 613 611
f 324 328 327 323
f 321 325 612 610
f 322 326 325 321
f 369 323 611 633
f 370 324 323 369
f 319 321 610 609
f 320 322 321 319
f 315 319 609 607
f 316 320 319 315
f 313 317 608 606
f 314 318 317 313
f 309 315 607 605
f 310 316 315 309
f 312 313 606 573
f 311 314 313 312
f 308 309 605 572
f 307 310 309 308
f 417 437 302 136
f 418 438 437 417
f 433 378 155 154
f 434 377 378 433
f 431 374 141 140
f 432 373 374 431
f 675 433 154 668
f 676 434 433 675
f 427 431 140 139
f 428 432 431 427
f 687 682 429 153 680
f 688 684 430 429 682
f 423 427 139 138
f 424 428 427 423
f 421 425 152 151
f 422 426 425 421
f 435 423 138 293
f 436 424 423 435
f 419 421 151 150
f 420 422 421 419
f 415 419 150 149
f 416 420 419 415
f 413 417 136 135
f 414 418 417 413
f 411 415 149 148
f 412 416 415 411
f 409 413 135 134
f 410 414 413 409
f 407 411 148 147
f 408 412 411 407
f 405 384 129 160
f 406 383 384 405
f 403 409 134 133
f 404 410 409 403
f 401 407 147 146
f 402 408 407 401
f 399 405 160 159
f 400 406 405 399
f 397 403 133 132
f 398 404 403 397
f 395 401 146 145
f 396 402 401 395
f 393 399 159 158
f 394 400 399 393
f 391 397 132 131
f 392 398 397 391
f 389 395 145 144
f 390 396 395 389
f 387 393 158 157
f 388 394 393 387
f 385 391 131 130
f 386 392 391 385
f 381 389 144 143
f 382 390 389 381
f 379 387 157 156
f 380 388 387 379
f 384 385 130 129
f 383 386 385 384
f 375 381 143 142
f 376 382 381 375
f 378 379 156 155
f 377 380 379 378
f 374 375 142 141
f 373 376 375 374
f 439 441 290 41
f 445 446 370 369
f 639 443 299 634
f 443 439 41 299
f 446 442 291 370
f 444 448 372 300
f 448 447 371 372
f 442 440 73 291
f 440 444 300 73
f 638 445 369 633
f 455 456 446 445
f 450 454 444 440
f 452 450 440 442
f 641 453 443 639
f 454 458 448 444
f 456 452 442 446
f 458 457 447 448
f 640 455 445 638
f 453 449 439 443
f 449 451 441 439
f 460 464 454 450
f 462 460 450 452
f 643 463 453 641
f 464 468 458 454
f 466 462 452 456
f 468 467 457 458
f 642 465 455 640
f 463 459 449 453
f 459 461 451 449
f 465 466 456 455
f 472 470 460 462
f 645 473 463 643
f 474 478 468 464
f 476 472 462 466
f 478 477 467 468
f 644 475 465 642
f 473 469 459 463
f 469 471 461 459
f 475 476 466 465
f 470 474 464 460
f 484 488 478 474
f 486 482 472 476
f 488 487 477 478
f 646 485 475 644
f 483 479 469 473
f 479 481 471 469
f 485 486 476 475
f 480 484 474 470
f 482 480 470 472
f 647 483 473 645
f 496 492 482 486
f 498 497 487 488
f 648 495 485 646
f 493 489 479 483
f 489 491 481 479
f 495 496 486 485
f 490 494 484 480
f 492 490 480 482
f 649 493 483 647
f 494 498 488 484
f 508 507 497 498
f 650 505 495 648
f 503 499 489 493
f 499 501 491 489
f 505 506 496 495
f 500 504 494 490
f 502 500 490 492
f 651 503 493 649
f 504 508 498 494
f 506 502 492 496
f 652 515 505 650
f 513 509 499 503
f 509 511 501 499
f 515 516 506 505
f 510 514 504 500
f 512 510 500 502
f 653 513 503 651
f 514 518 508 504
f 516 512 502 506
f 518 517 507 508
f 523 519 509 513
f 519 521 511 509
f 525 526 516 515
f 520 524 514 510
f 522 520 510 512
f 655 523 513 653
f 524 528 518 514
f 526 522 512 516
f 528 527 517 518
f 654 525 515 652
f 529 531 521 519
f 535 536 526 525
f 530 534 524 520
f 532 530 520 522
f 657 533 523 655
f 534 538 528 524
f 536 532 522 526
f 538 537 527 528
f 656 535 525 654
f 533 529 519 523
f 540 544 534 530
f 542 540 530 532
f 659 543 533 657
f 544 548 538 534
f 546 542 532 536
f 548 547 537 538
f 658 545 535 656
f 543 539 529 533
f 539 541 531 529
f 545 546 536 535
f 552 550 540 542
f 661 553 543 659
f 554 558 548 544
f 556 552 542 546
f 558 557 547 548
f 660 555 545 658
f 553 549 539 543
f 549 551 541 539
f 555 556 546 545
f 550 554 544 540
f 137 302 554 550
f 302 437 558 554
f 437 438 557 558
f 604 303 553 661
f 303 169 549 553
f 169 294 551 549
f 603 436 555 660
f 436 435 556 555
f 435 293 552 556
f 293 137 550 552
f 426 571 570 425
f 425 570 563 152
f 326 569 568 325
f 325 568 662 612
f 280 567 566 248
f 248 566 565 216
f 216 565 564 184
f 184 564 663 598
f 152 563 791 779
f 120 562 561 88
f 88 561 569 326
f 56 560 559 24
f 598 663 571 426
f 612 662 560 56
f 294 603 660 551
f 438 604 661 557
f 551 660 658 541
f 557 661 659 547
f 541 658 656 531
f 547 659 657 537
f 531 656 654 521
f 537 657 655 527
f 521 654 652 511
f 527 655 653 517
f 517 653 651 507
f 511 652 650 501
f 507 651 649 497
f 501 650 648 491
f 497 649 647 487
f 491 648 646 481
f 487 647 645 477
f 481 646 644 471
f 471 644 642 461
f 477 645 643 467
f 461 642 640 451
f 467 643 641 457
f 451 640 638 441
f 457 641 639 447
f 441 638 633 290
f 447 639 634 371
f 572 605 52 51
f 573 606 39 38
f 605 607 53 52
f 606 608 40 39
f 607 609 54 53
f 609 610 55 54
f 633 611 42 290
f 610 612 56 55
f 611 613 43 42
f 662 614 57 560
f 613 615 44 43
f 677 616 58 665
f 615 617 45 44
f 616 618 59 58
f 617 619 46 45
f 618 620 60 59
f 619 621 47 46
f 574 622 34 33
f 620 623 61 60
f 621 624 48 47
f 622 625 35 34
f 623 626 62 61
f 624 627 49 48
f 625 628 36 35
f 626 629 63 62
f 627 630 50 49
f 628 631 37 36
f 629 632 64 63
f 630 572 51 50
f 631 573 38 37
f 594 604 438 418
f 602 636 377 434
f 601 635 373 432
f 678 602 434 676
f 599 601 432 428
f 689 685 600 430 684
f 597 599 428 424
f 596 598 426 422
f 603 597 424 436
f 595 596 422 420
f 608 634 299 40
f 593 595 420 416
f 592 594 418 414
f 591 593 416 412
f 590 592 414 410
f 589 591 412 408
f 588 637 383 406
f 587 590 410 404
f 586 589 408 402
f 585 588 406 400
f 584 587 404 398
f 583 586 402 396
f 582 585 400 394
f 581 584 398 392
f 580 583 396 390
f 579 582 394 388
f 578 581 392 386
f 577 580 390 382
f 576 579 388 380
f 637 578 386 383
f 575 577 382 376
f 636 576 380 377
f 635 575 376 373
f 632 574 33 64
f 600 686 683 430
f 614 677 665 57
f 430 683 681 429
f 429 681 679 153
f 330 674 673 329
f 329 673 677 614
f 281 672 671 249
f 249 671 670 217
f 217 670 669 185
f 185 669 678 686 600
f 768 783 292 105
f 121 667 666 89
f 89 666 674 330
f 57 665 664 25
f 764 788 787 763
f 763 787 786 762
f 762 786 301 104
f 779 791 790 778
f 778 790 789 777
f 777 789 562 120
f 770 785 784 769
f 780 695 108 107
f 781 694 695 780
f 782 693 694 781
f 774 780 107 106
f 775 781 780 774
f 776 782 781 775
f 771 777 120 119
f 772 778 777 771
f 773 779 778 772
f 783 774 106 292
f 784 775 774 783
f 785 776 775 784
f 765 771 119 118
f 766 772 771 765
f 767 773 772 766
f 786 768 105 301
f 787 769 768 786
f 788 770 769 787
f 759 765 118 117
f 760 766 765 759
f 761 767 766 760
f 756 762 104 103
f 757 763 762 756
f 758 764 763 757
f 753 759 117 116
f 754 760 759 753
f 755 761 760 754
f 750 756 103 102
f 751 757 756 750
f 752 758 757 751
f 747 753 116 115
f 748 754 753 747
f 749 755 754 748
f 744 713 97 128
f 745 712 713 744
f 746 711 712 745
f 741 750 102 101
f 742 751 750 741
f 743 752 751 742
f 738 747 115 114
f 739 748 747 738
f 740 749 748 739
f 735 744 128 127
f 736 745 744 735
f 737 746 745 736
f 732 741 101 100
f 733 742 741 732
f 734 743 742 733
f 729 738 114 113
f 730 739 738 729
f 731 740 739 730
f 726 735 127 126
f 727 736 735 726
f 728 737 736 727
f 723 732 100 99
f 724 733 732 723
f 725 734 733 724
f 720 729 113 112
f 721 730 729 720
f 722 731 730 721
f 717 726 126 125
f 718 727 726 717
f 719 728 727 718
f 714 723 99 98
f 715 724 723 714
f 716 725 724 715
f 708 720 112 111
f 709 721 720 708
f 710 722 721 709
f 705 717 125 124
f 706 718 717 705
f 707 719 718 706
f 713 714 98 97
f 712 715 714 713
f 711 716 715 712
f 702 708 111 110
f 703 709 708 702
f 704 710 709 703
f 699 705 124 123
f 700 706 705 699
f 701 707 706 700
f 696 702 110 109
f 697 703 702 696
f 698 704 703 697
f 690 699 123 122
f 691 700 699 690
f 692 701 700 691
f 695 696 109 108
f 694 697 696 695
f 693 698 697 694
f 792 690 122 667
f 793 691 690 792
f 794 692 691 793
f 257 288 287 286 285 284 283 282 672 281 567 280 279 278 277 276 275 274 273 272 271 270 269 268 267 266 297 265 306 264 263 262 261 260 259 258
f 815 816 794 793
f 797 813 791 563
f 798 797 563 570
f 810 808 683 686
f 809 800 663 685
f 811 796 562 789
f 804 805 678 676
f 812 811 789 790
f 795 801 667 121
f 805 810 686 678
f 796 795 121 562
f 813 812 790 791
f 807 806 679 681
f 803 804 676 675
f 801 814 792 667
f 816 802 668 794
f 800 799 571 663
f 802 803 675 668
f 814 815 793 792
f 799 798 570 571
f 808 807 681 683
f 824 825 803 802
f 818 817 795 796
f 834 833 811 812
f 838 824 802 816
f 821 820 798 799
f 835 834 812 813
f 831 822 800 809
f 820 819 797 798
f 823 836 814 801
f 827 832 810 805
f 819 835 813 797
f 836 837 815 814
f 829 828 806 807
f 822 821 799 800
f 837 838 816 815
f 830 829 807 808
f 826 827 805 804
f 832 830 808 810
f 825 826 804 803
f 817 823 801 795
f 833 818 796 811
f 839 845 823 817
f 855 840 818 833
f 846 847 825 824
f 840 839 817 818
f 856 855 833 834
f 860 846 824 838
f 843 842 820 821
f 857 856 834 835
f 853 844 822 831
f 842 841 819 820
f 845 858 836 823
f 849 854 832 827
f 841 857 835 819
f 858 859 837 836
f 851 850 828 829
f 844 843 821 822
f 859 860 838 837
f 852 851 829 830
f 848 849 827 826
f 854 852 830 832
f 847 848 826 825
f 881 882 860 859
f 874 873 851 852
f 870 871 849 848
f 876 874 852 854
f 869 870 848 847
f 861 867 845 839
f 877 862 840 855
f 868 869 847 846
f 862 861 839 840
f 878 877 855 856
f 882 868 846 860
f 865 864 842 843
f 879 878 856 857
f 875 866 844 853
f 864 863 841 842
f 867 880 858 845
f 871 876 854 849
f 863 879 857 841
f 880 881 859 858
f 873 872 850 851
f 866 865 843 844
f 898 896 874 876
f 891 892 870 869
f 883 889 867 861
f 899 884 862 877
f 890 891 869 868
f 884 883 861 862
f 900 899 877 878
f 904 890 868 882
f 887 886 864 865
f 901 900 878 879
f 897 888 866 875
f 886 885 863 864
f 889 902 880 867
f 893 898 876 871
f 885 901 879 863
f 902 903 881 880
f 895 894 872 873
f 888 887 865 866
f 903 904 882 881
f 896 895 873 874
f 892 893 871 870
f 912 913 891 890
f 906 905 883 884
f 922 921 899 900
f 926 912 890 904
f 909 908 886 887
f 923 922 900 901
f 919 910 888 897
f 908 907 885 886
f 911 924 902 889
f 915 920 898 893
f 907 923 901 885
f 924 925 903 902
f 917 916 894 895
f 910 909 887 888
f 925 926 904 903
f 918 917 895 896
f 914 915 893 892
f 920 918 896 898
f 913 914 892 891
f 905 911 889 883
f 921 906 884 899
f 931 930 908 909
f 945 944 922 923
f 941 932 910 919
f 930 929 907 908
f 933 946 924 911
f 937 942 920 915
f 929 945 923 907
f 946 947 925 924
f 939 938 916 917
f 932 931 909 910
f 947 948 926 925
f 940 939 917 918
f 936 937 915 914
f 942 940 918 920
f 935 936 914 913
f 927 933 911 905
f 943 928 906 921
f 934 935 913 912
f 928 927 905 906
f 944 943 921 922
f 948 934 912 926
f 959 964 942 937
f 951 967 945 929
f 968 969 947 946
f 961 960 938 939
f 954 953 931 932
f 969 970 948 947
f 962 961 939 940
f 958 959 937 936
f 964 962 940 942
f 957 958 936 935
f 949 955 933 927
f 965 950 928 943
f 956 957 935 934
f 950 949 927 928
f 966 965 943 944
f 970 956 934 948
f 953 952 930 931
f 967 966 944 945
f 963 954 932 941
f 952 951 929 930
f 955 968 946 933
f 978 979 957 956
f 972 971 949 950
f 985 984 965 966
f 989 978 956 970
f 975 974 952 953
f 986 985 966 967
f 982 976 954 963
f 974 973 951 952
f 977 987 968 955
f 981 983 964 959
f 973 986 967 951
f 987 988 969 968
f 976 975 953 954
f 988 989 970 969
f 980 981 959 958
f 979 980 958 957
f 971 977 955 949
f 984 972 950 965
f 971 972 984 985 986 973 974 975 976 982 983 981 980 979 978 989 988 987 977
f 999 1022 289 10
f 997 996 7 8
f 1015 1025 664 26
f 1011 1010 21 22
f 1023 997 8 298
f 1012 1011 22 23
f 1022 998 9 289
f 1013 1012 23 24
f 1000 999 10 11
f 998 1023 298 9
f 1024 1013 24 559
f 1001 1000 11 12
f 1025 1014 25 664
f 1002 1001 12 13
f 1016 1015 26 27
f 1014 1024 559 25
f 1003 1002 13 14
f 1017 1016 27 28
f 1004 1003 14 15
f 991 990 1 2
f 1018 1017 28 29
f 1005 1004 15 16
f 992 991 2 3
f 1019 1018 29 30
f 1006 1005 16 17
f 993 992 3 4
f 1020 1019 30 31
f 1007 1006 17 18
f 994 993 4 5
f 1021 1020 31 32
f 1008 1007 18 19
f 995 994 5 6
f 990 1021 32 1
f 1009 1008 19 20
f 996 995 6 7
f 1010 1009 20 21
f 1061 1050 1014 1025
f 1038 1037 1001 1002
f 1052 1051 1015 1016
f 1039 1038 1002 1003
f 1053 1052 1016 1017
f 1040 1039 1003 1004
f 1027 1026 990 991
f 1054 1053 1017 1018
f 1041 1040 1004 1005
f 1028 1027 991 992
f 1055 1054 1018 1019
f 1042 1041 1005 1006
f 1029 1028 992 993
f 1056 1055 1019 1020
f 1043 1042 1006 1007
f 1030 1029 993 994
f 1057 1056 1020 1021
f 1044 1043 1007 1008
f 1031 1030 994 995
f 1026 1057 1021 990
f 1045 1044 1008 1009
f 1032 1031 995 996
f 1035 1058 1022 999
f 1046 1045 1009 1010
f 1033 1032 996 997
f 1034 1059 1023 998
f 1047 1046 1010 1011
f 1059 1033 997 1023
f 1050 1060 1024 1014
f 1048 1047 1011 1012
f 1058 1034 998 1022
f 1051 1061 1025 1015
f 1049 1048 1012 1013
f 1036 1035 999 1000
f 1060 1049 1013 1024
f 1037 1036 1000 1001
f 1094 1070 1034 1058
f 1087 1097 1061 1051
f 1085 1084 1048 1049
f 1072 1071 1035 1036
f 1096 1085 1049 1060
f 1073 1072 1036 1037
f 1097 1086 1050 1061
f 1074 1073 1037 1038
f 1088 1087 1051 1052
f 1075 1074 1038 1039
f 1089 1088 1052 1053
f 1076 1075 1039 1040
f 1063 1062 1026 1027
f 1090 1089 1053 1054
f 1077 1076 1040 1041
f 1064 1063 1027 1028
f 1091 1090 1054 1055
f 1078 1077 1041 1042
f 1065 1064 1028 1029
f 1092 1091 1055 1056
f 1079 1078 1042 1043
f 1066 1065 1029 1030
f 1093 1092 1056 1057
f 1080 1079 1043 1044
f 1067 1066 1030 1031
f 1062 1093 1057 1026
f 1081 1080 1044 1045
f 1068 1067 1031 1032
f 1071 1094 1058 1035
f 1082 1081 1045 1046
f 1069 1068 1032 1033
f 1070 1095 1059 1034
f 1083 1082 1046 1047
f 1095 1069 1033 1059
f 1086 1096 1060 1050
f 1084 1083 1047 1048
f 1102 1101 1065 1066
f 1129 1128 1092 1093
f 1116 1115 1079 1080
f 1103 1102 1066 1067
f 1098 1129 1093 1062
f 1117 1116 1080 1081
f 1104 1103 1067 1068
f 1107 1130 1094 1071
f 1118 1117 1081 1082
f 1105 1104 1068 1069
f 1106 1131 1095 1070
f 1119 1118 1082 1083
f 1131 1105 1069 1095
f 1122 1132 1096 1086
f 1120 1119 1083 1084
f 1130 1106 1070 1094
f 1123 1133 1097 1087
f 1121 1120 1084 1085
f 1108 1107 1071 1072
f 1132 1121 1085 1096
f 1109 1108 1072 1073
f 1133 1122 1086 1097
f 1110 1109 1073 1074
f 1124 1123 1087 1088
f 1111 1110 1074 1075
f 1125 1124 1088 1089
f 1112 1111 1075 1076
f 1099 1098 1062 1063
f 1126 1125 1089 1090
f 1113 1112 1076 1077
f 1100 1099 1063 1064
f 1127 1126 1090 1091
f 1114 1113 1077 1078
f 1101 1100 1064 1065
f 1128 1127 1091 1092
f 1115 1114 1078 1079
f 1160 1159 1123 1124
f 1147 1146 1110 1111
f 1161 1160 1124 1125
f 1148 1147 1111 1112
f 1135 1134 1098 1099
f 1162 1161 1125 1126
f 1149 1148 1112 1113
f 1136 1135 1099 1100
f 1163 1162 1126 1127
f 1150 1149 1113 1114
f 1137 1136 1100 1101
f 1164 1163 1127 1128
f 1151 1150 1114 1115
f 1138 1137 1101 1102
f 1165 1164 1128 1129
f 1152 1151 1115 1116
f 1139 1138 1102 1103
f 1134 1165 1129 1098
f 1153 1152 1116 1117
f 1140 1139 1103 1104
f 1143 1166 1130 1107
f 1154 1153 1117 1118
f 1141 1140 1104 1105
f 1142 1167 1131 1106
f 1155 1154 1118 1119
f 1167 1141 1105 1131
f 1158 1168 1132 1122
f 1156 1155 1119 1120
f 1166 1142 1106 1130
f 1159 1169 1133 1123
f 1157 1156 1120 1121
f 1144 1143 1107 1108
f 1168 1157 1121 1132
f 1145 1144 1108 1109
f 1169 1158 1122 1133
f 1146 1145 1109 1110
f 1197 1196 1160 1161
f 1184 1183 1147 1148
f 1171 1170 1134 1135
f 1198 1197 1161 1162
f 1185 1184 1148 1149
f 1172 1171 1135 1136
f 1199 1198 1162 1163
f 1186 1185 1149 1150
f 1173 1172 1136 1137
f 1200 1199 1163 1164
f 1187 1186 1150 1151
f 1174 1173 1137 1138
f 1201 1200 1164 1165
f 1188 1187 1151 1152
f 1175 1174 1138 1139
f 1170 1201 1165 1134
f 1189 1188 1152 1153
f 1176 1175 1139 1140
f 1179 1202 1166 1143
f 1190 1189 1153 1154
f 1177 1176 1140 1141
f 1178 1203 1167 1142
f 1191 1190 1154 1155
f 1203 1177 1141 1167
f 1194 1204 1168 1158
f 1192 1191 1155 1156
f 1202 1178 1142 1166
f 1195 1205 1169 1159
f 1193 1192 1156 1157
f 1180 1179 1143 1144
f 1204 1193 1157 1168
f 1181 1180 1144 1145
f 1205 1194 1158 1169
f 1182 1181 1145 1146
f 1196 1195 1159 1160
f 1183 1182 1146 1147
f 1230 1240 1204 1194
f 1228 1227 1191 1192
f 1238 1214 1178 1202
f 1231 1241 1205 1195
f 1229 1228 1192 1193
f 1216 1215 1179 1180
f 1240 1229 1193 1204
f 1217 1216 1180 1181
f 1241 1230 1194 1205
f 1218 1217 1181 1182
f 1232 1231 1195 1196
f 1219 1218 1182 1183
f 1233 1232 1196 1197
f 1220 1219 1183 1184
f 1207 1206 1170 1171
f 1234 1233 1197 1198
f 1221 1220 1184 1185
f 1208 1207 1171 1172
f 1235 1234 1198 1199
f 1222 1221 1185 1186
f 1209 1208 1172 1173
f 1236 1235 1199 1200
f 1223 1222 1186 1187
f 1210 1209 1173 1174
f 1237 1236 1200 1201
f 1224 1223 1187 1188
f 1211 1210 1174 1175
f 1206 1237 1201 1170
f 1225 1224 1188 1189
f 1212 1211 1175 1176
f 1215 1238 1202 1179
f 1226 1225 1189 1190
f 1213 1212 1176 1177
f 1214 1239 1203 1178
f 1227 1226 1190 1191
f 1239 1213 1177 1203
f 1272 1271 1235 1236
f 1259 1258 1222 1223
f 1246 1245 1209 1210
f 1273 1272 1236 1237
f 1260 1259 1223 1224
f 1247 1246 1210 1211
f 1242 1273 1237 1206
f 1261 1260 1224 1225
f 1248 1247 1211 1212
f 1251 1274 1238 1215
f 1262 1261 1225 1226
f 1249 1248 1212 1213
f 1250 1275 1239 1214
f 1263 1262 1226 1227
f 1275 1249 1213 1239
f 1266 1276 1240 1230
f 1264 1263 1227 1228
f 1274 1250 1214 1238
f 1267 1277 1241 1231
f 1265 1264 1228 1229
f 1252 1251 1215 1216
f 1276 1265 1229 1240
f 1253 1252 1216 1217
f 1277 1266 1230 1241
f 1254 1253 1217 1218
f 1268 1267 1231 1232
f 1255 1254 1218 1219
f 1269 1268 1232 1233
f 1256 1255 1219 1220
f 1243 1242 1206 1207
f 1270 1269 1233 1234
f 1257 1256 1220 1221
f 1244 1243 1207 1208
f 1271 1270 1234 1235
f 1258 1257 1221 1222
f 1245 1244 1208 1209
f 1244 1245 1246 1247 1248 1249 1275 1250 1274 1251 1252 1253 1254 1255 1256 1257 1258 1259 1260 1261 1262 1263 1264 1265 1276 1266 1277 1267 1268 1269 1270 1271 1272 1273 1242 1243
